1,1,527.33,64.12,53.33,43.38,0.43,-1,-1,-1
2,1,523.67,66.17,51.33,46.17,0.41,-1,-1,-1
2,2,390.00,138.25,102.67,71.08,0.46,-1,-1,-1
3,1,506.67,71.62,58.67,48.71,0.41,-1,-1,-1
3,3,264.67,188.67,147.33,100.67,0.45,-1,-1,-1
4,1,472.33,78.75,73.33,54.17,0.45,-1,-1,-1
4,4,610.67,87.50,57.33,48.67,0.45,-1,-1,-1
4,5,818.00,130.83,136.00,56.67,0.41,-1,-1,-1
5,1,412.67,91.83,92.00,55.00,0.39,-1,-1,-1
5,6,590.67,103.33,63.33,56.00,0.45,-1,-1,-1
5,7,533.67,70.08,53.33,42.00,0.42,-1,-1,-1
6,1,330.00,99.67,111.33,64.83,0.38,-1,-1,-1
6,7,512.67,81.17,60.67,49.67,0.40,-1,-1,-1
6,8,558.33,124.25,77.33,66.25,0.47,-1,-1,-1
6,9,563.00,58.38,42.67,37.12,0.43,-1,-1,-1
7,1,203.33,120.17,143.67,62.67,0.40,-1,-1,-1
7,7,476.67,102.00,64.67,56.00,0.40,-1,-1,-1
7,10,591.67,46.33,40.67,33.58,0.45,-1,-1,-1
7,11,503.67,158.17,97.33,88.00,0.44,-1,-1,-1
7,12,538.00,65.92,51.33,43.67,0.43,-1,-1,-1
7,13,617.33,81.92,52.00,47.33,0.41,-1,-1,-1
8,1,51.58,124.75,166.08,68.92,0.46,-1,-1,-1
8,7,404.00,129.67,98.67,74.67,0.44,-1,-1,-1
8,10,579.67,53.50,46.00,33.42,0.46,-1,-1,-1
8,14,513.67,79.25,52.00,49.50,0.43,-1,-1,-1
8,15,394.67,239.00,147.33,117.00,0.42,-1,-1,-1
9,1,0.04,121.67,83.58,64.83,0.34,-1,-1,-1
9,7,282.50,184.67,138.83,99.00,0.43,-1,-1,-1
9,10,564.67,57.17,48.67,41.25,0.39,-1,-1,-1
9,16,622.33,81.67,51.33,39.50,0.42,-1,-1,-1
10,10,543.00,68.92,56.67,44.33,0.36,-1,-1,-1
10,17,599.00,45.04,48.67,33.67,0.45,-1,-1,-1
10,18,384.67,132.58,94.67,75.42,0.45,-1,-1,-1
10,19,603.33,92.75,58.00,51.67,0.43,-1,-1,-1
10,20,528.00,151.50,90.67,84.33,0.41,-1,-1,-1
11,10,502.67,81.25,64.67,52.67,0.43,-1,-1,-1
11,21,236.33,193.33,139.00,105.33,0.46,-1,-1,-1
11,22,571.67,52.79,47.33,37.96,0.45,-1,-1,-1
11,23,568.33,115.67,71.33,65.00,0.44,-1,-1,-1
11,24,441.33,222.00,123.33,111.67,0.40,-1,-1,-1
12,10,439.67,112.17,84.00,54.17,0.28,-1,-1,-1
12,25,539.00,65.50,54.00,44.50,0.46,-1,-1,-1
12,26,518.33,148.83,92.67,90.33,0.45,-1,-1,-1
13,10,337.33,146.67,119.33,77.67,0.45,-1,-1,-1
14,10,120.58,221.00,207.75,126.00,0.31,-1,-1,-1
14,27,421.00,112.58,84.67,67.25,0.43,-1,-1,-1
15,28,476.33,153.67,108.00,92.00,0.43,-1,-1,-1
15,29,295.50,161.17,123.17,95.67,0.41,-1,-1,-1
19,30,893.33,176.33,89.33,76.33,0.45,-1,-1,-1
21,31,912.67,189.00,88.00,76.67,0.44,-1,-1,-1
22,32,838.67,172.67,98.67,76.33,0.45,-1,-1,-1
24,33,912.00,197.33,106.67,90.00,0.46,-1,-1,-1
27,34,598.67,36.83,38.00,30.92,0.46,-1,-1,-1
28,35,563.00,51.46,46.00,37.71,0.45,-1,-1,-1
29,36,649.00,49.33,43.67,39.00,0.42,-1,-1,-1
30,37,618.00,72.17,52.67,50.83,0.43,-1,-1,-1
31,38,303.00,140.75,123.33,85.58,0.46,-1,-1,-1
31,39,560.33,105.58,75.33,73.08,0.42,-1,-1,-1
32,40,919.33,210.17,97.33,77.67,0.46,-1,-1,-1
32,41,788.67,209.50,108.00,96.00,0.44,-1,-1,-1
32,42,456.33,179.50,120.67,109.67,0.44,-1,-1,-1
37,10,120.58,221.00,207.75,126.00,0.39,-1,-1,-1
38,10,652.00,45.62,36.00,31.67,0.40,-1,-1,-1
38,43,894.67,160.17,89.33,78.67,0.46,-1,-1,-1
39,10,642.00,56.21,36.67,33.38,0.43,-1,-1,-1
40,10,628.33,65.92,42.00,37.00,0.40,-1,-1,-1
40,44,116.25,230.33,161.08,119.00,0.41,-1,-1,-1
41,10,621.33,72.08,46.67,42.67,0.42,-1,-1,-1
41,45,0.00,164.83,106.67,81.00,0.47,-1,-1,-1
42,10,613.67,77.92,47.33,44.33,0.39,-1,-1,-1
42,46,48.83,229.00,160.00,114.00,0.44,-1,-1,-1
43,10,607.00,81.58,52.67,47.67,0.38,-1,-1,-1
44,10,604.33,83.92,54.00,48.50,0.41,-1,-1,-1
45,10,603.67,84.83,55.33,48.83,0.43,-1,-1,-1
45,47,0.04,182.00,109.29,92.67,0.46,-1,-1,-1
46,10,603.67,85.75,55.33,47.67,0.45,-1,-1,-1
46,48,598.67,41.25,39.33,32.33,0.45,-1,-1,-1
47,10,603.67,85.50,56.00,47.17,0.46,-1,-1,-1
47,48,583.67,48.88,42.00,35.54,0.43,-1,-1,-1
48,10,602.67,86.75,56.67,45.50,0.47,-1,-1,-1
48,48,566.00,54.12,48.67,39.38,0.45,-1,-1,-1
49,10,601.33,86.83,58.00,46.17,0.45,-1,-1,-1
49,48,552.67,62.46,52.00,40.38,0.40,-1,-1,-1
49,49,4.17,176.67,128.25,93.00,0.46,-1,-1,-1
50,10,601.33,86.83,58.00,46.17,0.45,-1,-1,-1
50,48,552.67,62.46,52.00,40.38,0.40,-1,-1,-1
50,49,4.17,176.67,128.25,93.00,0.46,-1,-1,-1
51,10,603.00,84.67,55.33,49.00,0.41,-1,-1,-1
51,48,528.67,72.17,57.33,44.83,0.39,-1,-1,-1
52,10,602.00,86.25,55.33,48.67,0.39,-1,-1,-1
52,48,521.67,75.54,58.00,47.12,0.40,-1,-1,-1
53,10,602.00,88.83,53.33,47.17,0.38,-1,-1,-1
53,48,513.00,77.75,63.33,50.33,0.44,-1,-1,-1
54,10,602.00,88.83,53.33,47.17,0.38,-1,-1,-1
54,48,513.00,77.75,63.33,50.33,0.44,-1,-1,-1
55,10,600.67,89.00,52.00,47.00,0.33,-1,-1,-1
55,48,505.67,82.83,63.33,48.33,0.44,-1,-1,-1
55,50,560.67,57.83,44.00,33.58,0.45,-1,-1,-1
56,10,601.67,89.33,52.00,46.50,0.35,-1,-1,-1
56,48,505.33,79.83,64.00,52.33,0.36,-1,-1,-1
57,10,601.67,89.58,52.00,46.67,0.36,-1,-1,-1
57,48,503.67,79.08,65.33,55.17,0.34,-1,-1,-1
57,51,618.33,39.06,34.00,26.60,0.43,-1,-1,-1
58,10,601.67,90.00,52.00,45.83,0.38,-1,-1,-1
58,48,501.33,80.96,68.67,53.54,0.39,-1,-1,-1
58,51,609.00,42.08,34.67,30.00,0.41,-1,-1,-1
59,10,600.67,89.83,52.00,46.00,0.35,-1,-1,-1
59,48,498.33,86.92,68.00,46.00,0.34,-1,-1,-1
59,51,601.00,43.12,38.00,33.92,0.38,-1,-1,-1
60,10,600.67,89.75,52.00,46.00,0.35,-1,-1,-1
60,48,498.33,86.92,68.00,46.00,0.34,-1,-1,-1
60,51,600.67,43.12,38.67,33.92,0.38,-1,-1,-1
61,10,601.33,91.17,52.67,46.00,0.40,-1,-1,-1
61,48,501.67,69.54,77.33,66.12,0.33,-1,-1,-1
61,51,591.33,51.88,40.00,32.46,0.36,-1,-1,-1
62,10,600.67,91.58,51.33,44.67,0.36,-1,-1,-1
62,48,501.33,72.33,75.33,63.00,0.29,-1,-1,-1
62,51,586.33,51.79,42.00,34.21,0.34,-1,-1,-1
62,52,341.17,7.08,153.50,124.75,0.41,-1,-1,-1
63,10,599.00,94.00,53.33,43.67,0.38,-1,-1,-1
63,48,501.67,73.75,74.67,62.00,0.32,-1,-1,-1
63,51,583.67,38.44,46.00,51.81,0.31,-1,-1,-1
63,52,346.00,12.12,138.00,119.54,0.42,-1,-1,-1
64,10,601.67,92.17,51.33,44.00,0.39,-1,-1,-1
64,48,501.67,76.42,71.33,58.67,0.31,-1,-1,-1
64,51,580.67,52.50,49.33,35.08,0.14,-1,-1,-1
64,52,345.33,5.92,136.00,130.33,0.31,-1,-1,-1
64,53,1080.67,185.17,113.33,70.67,0.43,-1,-1,-1
65,10,601.33,92.25,52.00,44.17,0.39,-1,-1,-1
65,48,502.00,71.00,79.33,65.00,0.32,-1,-1,-1
65,51,584.67,51.46,42.00,37.21,0.30,-1,-1,-1
65,52,345.33,8.29,132.67,125.21,0.35,-1,-1,-1
66,10,601.33,92.25,50.67,44.00,0.39,-1,-1,-1
66,48,501.33,77.04,70.67,57.96,0.34,-1,-1,-1
66,51,584.33,52.67,42.67,34.58,0.33,-1,-1,-1
66,52,344.00,7.42,132.67,126.00,0.37,-1,-1,-1
67,10,599.67,93.50,53.33,42.83,0.40,-1,-1,-1
67,48,500.67,77.67,70.67,57.33,0.39,-1,-1,-1
67,51,583.67,53.04,44.00,33.96,0.38,-1,-1,-1
67,52,345.33,12.21,129.33,120.13,0.42,-1,-1,-1
68,10,601.33,92.17,52.00,44.00,0.40,-1,-1,-1
68,48,500.67,78.75,73.33,56.33,0.40,-1,-1,-1
68,51,584.00,53.46,44.00,33.71,0.39,-1,-1,-1
68,52,347.00,10.96,130.67,121.54,0.39,-1,-1,-1
69,10,601.00,92.33,52.00,44.17,0.38,-1,-1,-1
69,48,500.33,78.21,74.67,57.13,0.35,-1,-1,-1
69,51,584.67,53.04,42.67,34.21,0.39,-1,-1,-1
69,52,346.00,19.67,128.00,112.17,0.39,-1,-1,-1
70,10,601.00,92.33,52.00,44.17,0.38,-1,-1,-1
70,48,500.33,78.21,74.67,57.13,0.35,-1,-1,-1
70,51,584.67,53.08,42.67,34.08,0.40,-1,-1,-1
70,52,346.00,19.67,128.00,112.17,0.39,-1,-1,-1
71,10,601.33,91.92,50.67,44.50,0.37,-1,-1,-1
71,48,502.33,61.58,79.33,71.17,0.36,-1,-1,-1
71,51,583.67,52.79,43.33,34.21,0.40,-1,-1,-1
71,52,346.00,11.62,132.00,120.04,0.41,-1,-1,-1
72,10,601.67,92.08,51.33,43.83,0.39,-1,-1,-1
72,48,501.67,57.83,83.33,74.33,0.42,-1,-1,-1
72,51,584.33,52.17,43.33,34.83,0.38,-1,-1,-1
72,52,347.33,10.33,132.67,121.67,0.39,-1,-1,-1
73,10,601.33,92.08,52.00,44.17,0.39,-1,-1,-1
73,48,500.33,61.08,84.67,72.17,0.39,-1,-1,-1
73,51,584.00,52.17,44.00,34.92,0.37,-1,-1,-1
73,52,347.00,12.04,134.00,119.46,0.42,-1,-1,-1
74,10,601.33,92.08,52.00,44.17,0.39,-1,-1,-1
74,48,500.33,60.92,84.67,72.33,0.39,-1,-1,-1
74,51,584.00,52.17,44.00,34.92,0.38,-1,-1,-1
74,52,347.00,12.00,134.00,119.50,0.42,-1,-1,-1
75,10,599.67,93.83,54.00,44.00,0.37,-1,-1,-1
75,48,496.00,63.12,86.00,69.21,0.39,-1,-1,-1
75,51,583.00,53.04,44.00,33.88,0.41,-1,-1,-1
75,52,345.67,12.33,132.67,120.17,0.43,-1,-1,-1
76,10,601.33,92.50,51.33,44.00,0.39,-1,-1,-1
76,48,495.67,66.33,87.33,66.00,0.37,-1,-1,-1
76,51,583.33,52.79,44.00,34.04,0.41,-1,-1,-1
76,52,348.33,13.96,131.33,116.88,0.43,-1,-1,-1
77,10,601.67,92.58,51.33,43.50,0.38,-1,-1,-1
77,48,499.67,71.33,80.00,64.00,0.37,-1,-1,-1
77,51,582.67,52.25,45.33,34.58,0.40,-1,-1,-1
77,52,348.33,15.67,132.00,114.50,0.44,-1,-1,-1
78,10,599.67,94.08,54.67,43.50,0.37,-1,-1,-1
78,48,500.00,72.17,79.33,62.83,0.34,-1,-1,-1
78,51,582.67,52.67,44.00,34.67,0.41,-1,-1,-1
78,52,348.67,17.50,130.00,113.17,0.43,-1,-1,-1
79,10,600.00,94.17,52.67,43.00,0.39,-1,-1,-1
79,48,500.67,74.17,76.67,60.83,0.30,-1,-1,-1
79,51,581.33,53.00,44.67,34.33,0.39,-1,-1,-1
79,52,346.00,11.62,132.00,119.71,0.43,-1,-1,-1
80,10,601.33,93.00,50.67,43.00,0.39,-1,-1,-1
80,48,500.00,72.71,77.33,62.29,0.30,-1,-1,-1
80,51,580.33,53.62,45.33,34.79,0.37,-1,-1,-1
80,52,347.00,13.33,133.33,117.33,0.43,-1,-1,-1
81,10,601.67,93.00,51.33,43.00,0.40,-1,-1,-1
81,48,499.67,71.25,80.67,63.67,0.35,-1,-1,-1
81,51,580.00,54.12,45.33,35.38,0.39,-1,-1,-1
81,52,347.67,11.83,136.67,119.58,0.42,-1,-1,-1
82,10,599.67,94.33,54.00,43.33,0.39,-1,-1,-1
82,48,500.00,75.54,76.67,59.12,0.32,-1,-1,-1
82,51,579.67,56.17,45.33,33.92,0.46,-1,-1,-1
82,52,345.33,11.58,138.00,120.50,0.42,-1,-1,-1
83,10,600.00,93.83,52.67,43.50,0.39,-1,-1,-1
83,48,499.33,77.17,75.33,58.00,0.30,-1,-1,-1
83,51,576.33,57.08,47.33,33.42,0.45,-1,-1,-1
83,52,345.67,11.00,136.00,120.83,0.42,-1,-1,-1
84,10,602.00,93.00,50.00,42.67,0.38,-1,-1,-1
84,48,501.00,77.50,74.00,57.17,0.29,-1,-1,-1
84,51,576.33,56.92,47.33,33.67,0.45,-1,-1,-1
84,52,347.33,10.38,135.33,120.79,0.42,-1,-1,-1
85,10,602.00,92.17,52.00,43.33,0.39,-1,-1,-1
85,48,500.67,75.33,77.33,59.17,0.34,-1,-1,-1
85,51,578.33,57.58,44.67,33.17,0.47,-1,-1,-1
85,52,348.67,12.00,133.33,119.33,0.42,-1,-1,-1
86,10,601.67,92.67,50.67,44.00,0.37,-1,-1,-1
86,48,500.00,77.00,75.33,57.67,0.30,-1,-1,-1
86,51,576.33,58.42,44.67,33.08,0.45,-1,-1,-1
86,52,348.33,12.12,133.33,118.88,0.42,-1,-1,-1
87,10,602.00,92.58,50.00,43.67,0.38,-1,-1,-1
87,48,499.67,77.25,75.33,57.67,0.32,-1,-1,-1
87,51,576.33,58.21,44.67,33.46,0.45,-1,-1,-1
87,52,346.67,12.00,134.67,119.00,0.42,-1,-1,-1
88,10,602.00,92.58,49.33,43.17,0.39,-1,-1,-1
88,48,500.00,77.75,74.00,57.17,0.28,-1,-1,-1
88,51,576.00,58.25,44.67,33.50,0.45,-1,-1,-1
88,52,347.33,10.21,134.00,121.13,0.42,-1,-1,-1
89,10,602.00,92.67,50.00,43.33,0.39,-1,-1,-1
89,48,500.00,77.17,74.67,57.67,0.31,-1,-1,-1
89,51,575.67,58.46,44.67,33.71,0.45,-1,-1,-1
89,52,350.00,15.29,133.33,115.04,0.43,-1,-1,-1
90,10,599.33,92.92,54.67,45.33,0.38,-1,-1,-1
90,48,499.00,78.08,74.67,57.50,0.29,-1,-1,-1
90,51,576.00,58.33,44.00,33.50,0.44,-1,-1,-1
90,52,346.00,10.88,138.00,122.29,0.38,-1,-1,-1
91,10,596.67,92.83,55.33,48.67,0.40,-1,-1,-1
91,48,489.00,62.17,96.67,72.33,0.24,-1,-1,-1
91,51,573.67,58.17,46.00,34.83,0.42,-1,-1,-1
91,52,346.67,3.25,136.00,137.83,0.28,-1,-1,-1
92,10,590.33,101.00,58.00,56.00,0.30,-1,-1,-1
92,48,484.33,92.25,70.00,49.17,0.25,-1,-1,-1
92,51,573.33,57.46,44.67,37.21,0.35,-1,-1,-1
92,52,342.67,0.00,141.33,142.83,0.15,-1,-1,-1
93,10,564.67,111.83,74.67,58.33,0.29,-1,-1,-1
93,48,472.00,76.92,98.67,72.50,0.18,-1,-1,-1
93,51,569.33,62.25,45.33,36.83,0.28,-1,-1,-1
94,10,537.00,136.67,82.00,70.33,0.44,-1,-1,-1
94,48,447.00,71.92,104.00,87.83,0.23,-1,-1,-1
94,51,561.67,66.71,47.33,35.38,0.31,-1,-1,-1
95,10,481.33,176.83,103.33,91.00,0.44,-1,-1,-1
95,48,411.67,105.42,100.00,64.58,0.28,-1,-1,-1
95,51,551.33,70.17,51.33,40.83,0.41,-1,-1,-1
95,54,591.67,100.33,65.33,54.33,0.45,-1,-1,-1
96,10,352.67,286.50,166.67,117.17,0.37,-1,-1,-1
96,48,353.00,119.92,116.67,72.58,0.44,-1,-1,-1
96,51,539.00,75.50,58.00,42.50,0.35,-1,-1,-1
96,55,556.00,124.17,81.33,63.50,0.46,-1,-1,-1
96,56,620.00,82.75,54.00,46.83,0.42,-1,-1,-1
97,48,272.67,142.17,136.33,79.33,0.47,-1,-1,-1
97,51,534.33,81.42,55.33,43.83,0.41,-1,-1,-1
97,57,500.33,159.00,102.67,88.67,0.43,-1,-1,-1
98,48,152.67,167.92,174.00,95.75,0.45,-1,-1,-1
98,51,514.00,91.33,63.33,50.17,0.09,-1,-1,-1
98,58,538.67,138.50,88.67,71.67,0.43,-1,-1,-1
99,48,0.00,196.33,205.33,132.00,0.29,-1,-1,-1
99,51,480.33,105.58,76.00,55.83,0.19,-1,-1,-1
99,59,240.00,137.83,122.67,72.67,0.46,-1,-1,-1
99,60,362.00,144.67,101.33,79.33,0.45,-1,-1,-1
99,61,900.00,205.17,126.67,96.00,0.44,-1,-1,-1
100,48,0.00,196.33,205.17,132.33,0.29,-1,-1,-1
100,51,480.67,105.67,75.33,55.67,0.19,-1,-1,-1
100,59,240.17,137.83,122.50,72.67,0.46,-1,-1,-1
100,60,362.00,144.83,101.33,79.33,0.45,-1,-1,-1
100,61,900.00,205.33,126.67,95.67,0.44,-1,-1,-1
101,51,360.00,164.08,116.67,85.58,0.45,-1,-1,-1
101,60,86.00,278.33,192.00,133.33,0.21,-1,-1,-1
102,51,204.33,238.67,178.00,120.67,0.33,-1,-1,-1
102,62,543.33,132.00,82.67,74.00,0.46,-1,-1,-1
103,63,448.67,200.33,128.67,106.67,0.43,-1,-1,-1
104,63,448.67,200.33,128.67,106.67,0.43,-1,-1,-1
105,64,620.67,72.33,51.33,48.50,0.43,-1,-1,-1
106,65,594.00,38.52,38.67,29.23,0.47,-1,-1,-1
106,66,496.00,147.08,102.67,87.58,0.43,-1,-1,-1
107,66,533.33,126.92,86.00,79.25,0.40,-1,-1,-1
107,67,539.67,58.08,52.67,42.33,0.43,-1,-1,-1
108,68,640.33,35.92,57.00,54.67,0.45,-1,-1,-1
108,69,433.33,202.83,132.67,113.00,0.45,-1,-1,-1
108,70,910.67,176.83,86.67,70.33,0.42,-1,-1,-1
109,68,622.33,37.27,69.67,66.31,0.47,-1,-1,-1
110,68,622.33,37.27,69.67,66.31,0.47,-1,-1,-1
111,68,550.00,69.42,119.33,94.17,0.41,-1,-1,-1
111,71,936.67,241.83,134.67,98.50,0.42,-1,-1,-1
112,68,497.00,122.00,134.00,108.67,0.40,-1,-1,-1
113,68,367.00,172.83,226.00,170.50,0.19,-1,-1,-1
114,68,367.33,172.83,225.33,170.50,0.19,-1,-1,-1
115,72,1158.67,640.00,121.33,80.00,0.42,-1,-1,-1
115,73,965.33,269.17,138.67,103.17,0.41,-1,-1,-1
116,72,1158.67,640.00,121.33,80.00,0.42,-1,-1,-1
116,73,965.33,269.33,138.67,103.00,0.41,-1,-1,-1
117,73,866.67,118.83,60.00,45.00,0.23,-1,-1,-1
117,74,822.67,166.42,93.33,67.75,0.44,-1,-1,-1
117,75,551.33,60.67,47.33,39.50,0.44,-1,-1,-1
118,73,846.00,89.83,49.33,35.17,0.22,-1,-1,-1
119,76,311.67,153.83,120.67,91.33,0.44,-1,-1,-1
119,77,610.67,32.62,33.33,26.25,0.43,-1,-1,-1
120,76,311.67,153.83,120.67,91.33,0.44,-1,-1,-1
120,77,610.67,32.54,33.33,26.33,0.43,-1,-1,-1
121,76,565.33,52.08,43.33,34.83,0.46,-1,-1,-1
121,78,818.67,161.00,80.00,73.33,0.47,-1,-1,-1
122,76,542.00,59.33,49.33,41.25,0.44,-1,-1,-1
123,76,523.33,67.08,54.00,45.33,0.40,-1,-1,-1
124,76,523.33,67.00,54.00,45.33,0.40,-1,-1,-1
125,76,496.67,79.29,60.67,48.38,0.43,-1,-1,-1
125,79,918.00,250.33,141.33,116.67,0.43,-1,-1,-1
126,76,496.67,79.29,60.67,48.38,0.43,-1,-1,-1
126,79,918.00,250.33,141.33,117.00,0.43,-1,-1,-1
127,76,490.67,77.67,64.00,55.17,0.39,-1,-1,-1
127,79,794.67,94.92,56.00,46.50,0.12,-1,-1,-1
128,76,490.67,78.25,63.33,54.17,0.39,-1,-1,-1
128,79,780.00,67.12,38.67,32.04,0.26,-1,-1,-1
128,80,658.33,42.04,41.00,33.08,0.45,-1,-1,-1
129,76,492.33,76.83,64.67,55.17,0.40,-1,-1,-1
129,80,644.33,47.25,45.00,41.25,0.41,-1,-1,-1
130,76,492.33,76.83,64.67,55.17,0.40,-1,-1,-1
130,80,644.33,47.17,45.00,41.33,0.41,-1,-1,-1
131,76,491.33,77.50,64.67,54.67,0.41,-1,-1,-1
131,80,618.33,63.42,54.00,49.67,0.42,-1,-1,-1
132,76,491.33,80.83,64.00,52.33,0.40,-1,-1,-1
132,80,607.33,69.92,57.33,53.83,0.42,-1,-1,-1
133,76,493.67,79.33,62.67,51.33,0.42,-1,-1,-1
133,80,595.67,74.50,67.33,59.83,0.38,-1,-1,-1
133,81,910.00,163.50,90.67,83.00,0.41,-1,-1,-1
134,76,493.67,79.33,62.67,51.33,0.42,-1,-1,-1
134,80,595.33,74.50,68.00,59.83,0.38,-1,-1,-1
134,81,910.00,163.50,90.67,83.00,0.41,-1,-1,-1
135,76,491.00,78.00,64.00,54.83,0.40,-1,-1,-1
135,80,593.00,77.96,64.67,55.88,0.44,-1,-1,-1
135,81,844.00,82.17,49.33,39.50,0.36,-1,-1,-1
136,76,491.00,78.00,64.00,54.83,0.40,-1,-1,-1
136,80,593.00,77.96,64.67,55.88,0.44,-1,-1,-1
136,81,844.00,82.17,49.33,39.50,0.37,-1,-1,-1
137,76,493.33,79.29,62.67,51.21,0.40,-1,-1,-1
137,80,594.00,77.67,64.67,56.00,0.42,-1,-1,-1
137,81,817.33,44.67,34.67,28.58,0.15,-1,-1,-1
138,76,491.67,77.33,64.00,54.67,0.40,-1,-1,-1
138,80,592.67,77.83,65.33,55.67,0.43,-1,-1,-1
139,76,491.33,77.58,64.00,55.17,0.40,-1,-1,-1
139,80,593.33,77.92,64.67,55.83,0.44,-1,-1,-1
140,76,491.33,77.50,64.00,55.17,0.40,-1,-1,-1
140,80,593.33,78.00,64.67,55.83,0.44,-1,-1,-1
141,76,491.33,77.42,64.67,55.17,0.40,-1,-1,-1
141,80,593.00,77.75,65.33,56.00,0.44,-1,-1,-1
141,82,970.67,238.17,126.67,119.50,0.42,-1,-1,-1
142,76,491.67,77.33,64.67,54.67,0.40,-1,-1,-1
142,80,593.33,77.92,65.33,55.50,0.44,-1,-1,-1
142,83,888.00,151.50,93.33,86.67,0.46,-1,-1,-1
142,84,670.33,36.83,31.67,28.75,0.41,-1,-1,-1
143,76,491.67,77.75,64.00,54.83,0.41,-1,-1,-1
143,80,593.00,78.25,65.33,55.83,0.45,-1,-1,-1
143,84,660.67,43.00,36.00,30.50,0.37,-1,-1,-1
144,76,491.67,77.75,64.00,54.83,0.41,-1,-1,-1
144,80,593.00,78.25,65.33,55.83,0.44,-1,-1,-1
144,84,660.67,43.00,36.00,30.50,0.37,-1,-1,-1
145,76,492.00,77.83,64.00,54.33,0.41,-1,-1,-1
145,80,592.33,79.67,66.00,53.33,0.43,-1,-1,-1
145,84,647.67,52.12,40.33,36.62,0.38,-1,-1,-1
146,76,491.67,77.75,64.00,54.50,0.41,-1,-1,-1
146,80,592.33,79.58,66.00,53.50,0.43,-1,-1,-1
146,84,647.67,52.17,40.33,36.50,0.38,-1,-1,-1
147,76,491.67,77.42,63.33,54.50,0.41,-1,-1,-1
147,80,592.67,80.00,64.00,52.83,0.36,-1,-1,-1
147,84,629.67,54.92,50.00,47.08,0.25,-1,-1,-1
148,76,493.67,79.29,62.67,51.04,0.43,-1,-1,-1
148,80,594.00,69.58,78.67,66.00,0.37,-1,-1,-1
148,85,573.00,56.67,42.00,35.00,0.44,-1,-1,-1
149,76,493.67,78.88,62.67,51.79,0.44,-1,-1,-1
149,80,593.00,69.83,82.00,66.00,0.39,-1,-1,-1
150,76,493.67,78.88,62.67,51.79,0.44,-1,-1,-1
150,80,593.00,69.75,82.00,66.17,0.39,-1,-1,-1
151,76,493.00,76.50,63.33,55.17,0.36,-1,-1,-1
151,80,592.67,68.71,80.00,67.29,0.32,-1,-1,-1
152,76,492.67,76.75,63.33,55.50,0.38,-1,-1,-1
152,80,593.00,71.46,78.67,64.71,0.36,-1,-1,-1
153,76,492.67,78.75,63.33,52.33,0.42,-1,-1,-1
153,80,593.33,71.83,77.33,64.67,0.36,-1,-1,-1
153,86,663.00,35.42,32.33,26.17,0.46,-1,-1,-1
154,76,493.00,78.75,63.33,52.33,0.42,-1,-1,-1
154,80,593.33,71.75,77.33,64.83,0.36,-1,-1,-1
154,86,663.00,35.42,32.33,26.17,0.45,-1,-1,-1
155,76,490.00,82.08,65.33,47.67,0.38,-1,-1,-1
155,80,594.33,73.71,75.33,64.13,0.36,-1,-1,-1
155,86,661.67,36.58,31.00,28.83,0.44,-1,-1,-1
156,76,492.33,76.33,62.00,56.00,0.37,-1,-1,-1
156,80,594.00,74.42,74.00,64.00,0.34,-1,-1,-1
156,86,654.00,39.33,36.00,31.58,0.30,-1,-1,-1
157,76,490.00,73.83,66.67,57.67,0.45,-1,-1,-1
157,80,594.67,73.75,76.00,61.83,0.34,-1,-1,-1
157,86,653.67,39.98,36.33,32.02,0.33,-1,-1,-1
158,76,491.00,76.00,64.67,56.33,0.39,-1,-1,-1
158,80,595.00,76.38,74.00,58.96,0.27,-1,-1,-1
158,86,648.00,44.42,41.33,28.83,0.10,-1,-1,-1
159,76,493.33,76.08,62.67,56.00,0.41,-1,-1,-1
159,80,592.00,68.92,79.33,66.33,0.18,-1,-1,-1
160,76,493.00,76.08,62.67,56.00,0.41,-1,-1,-1
160,80,591.67,68.58,79.33,66.67,0.18,-1,-1,-1
161,76,496.00,78.50,60.67,52.67,0.41,-1,-1,-1
161,80,594.33,76.42,74.00,58.67,0.29,-1,-1,-1
162,76,494.33,78.54,62.67,50.62,0.43,-1,-1,-1
162,80,595.67,77.75,72.00,56.00,0.26,-1,-1,-1
163,76,491.67,77.33,64.00,54.67,0.42,-1,-1,-1
163,80,591.67,81.17,70.00,53.33,0.21,-1,-1,-1
164,76,491.67,77.42,64.00,54.67,0.42,-1,-1,-1
164,80,591.67,81.25,70.00,53.33,0.21,-1,-1,-1
165,76,492.00,77.17,64.00,55.17,0.42,-1,-1,-1
165,80,592.33,80.50,69.33,54.17,0.23,-1,-1,-1
166,76,492.33,77.17,63.33,55.17,0.42,-1,-1,-1
166,80,592.33,80.42,69.33,54.33,0.22,-1,-1,-1
167,76,492.67,77.17,64.00,55.33,0.41,-1,-1,-1
167,80,592.67,80.88,70.00,54.12,0.19,-1,-1,-1
168,76,492.33,77.83,64.00,54.83,0.41,-1,-1,-1
168,80,594.00,72.79,76.67,65.54,0.27,-1,-1,-1
169,76,493.00,78.42,63.33,52.17,0.41,-1,-1,-1
169,80,594.33,77.17,73.33,57.50,0.26,-1,-1,-1
170,76,493.00,78.50,63.33,52.00,0.41,-1,-1,-1
170,80,594.33,77.17,73.33,57.50,0.26,-1,-1,-1
171,76,491.67,77.00,64.00,55.83,0.41,-1,-1,-1
171,80,594.00,75.75,73.33,59.50,0.20,-1,-1,-1
172,76,492.33,77.25,64.00,55.17,0.41,-1,-1,-1
172,80,594.00,75.92,73.33,59.17,0.22,-1,-1,-1
173,76,491.33,78.00,64.00,54.33,0.42,-1,-1,-1
173,80,594.00,75.71,73.33,59.96,0.19,-1,-1,-1
174,76,491.67,78.08,63.33,54.33,0.42,-1,-1,-1
174,80,594.00,75.50,73.33,60.17,0.18,-1,-1,-1
175,76,492.67,78.58,61.33,52.00,0.44,-1,-1,-1
175,80,591.67,82.12,68.67,53.71,0.12,-1,-1,-1
176,76,492.67,78.50,61.33,52.00,0.44,-1,-1,-1
176,80,594.33,76.33,73.33,59.83,0.12,-1,-1,-1
177,76,493.33,79.46,62.67,49.88,0.44,-1,-1,-1
177,80,594.33,77.08,74.00,58.33,0.25,-1,-1,-1
178,76,490.00,81.50,63.33,48.83,0.40,-1,-1,-1
178,80,593.33,75.75,74.00,60.33,0.14,-1,-1,-1
179,76,488.00,75.58,66.67,55.83,0.44,-1,-1,-1
179,80,591.67,80.46,68.00,55.38,0.15,-1,-1,-1
180,76,487.67,76.88,65.33,53.62,0.44,-1,-1,-1
180,80,591.67,80.50,68.00,55.33,0.15,-1,-1,-1
181,76,487.33,80.88,65.33,51.12,0.42,-1,-1,-1
182,76,478.00,87.75,63.33,53.83,0.45,-1,-1,-1
183,76,452.00,96.58,73.33,58.83,0.38,-1,-1,-1
183,80,591.67,80.50,68.00,55.33,0.38,-1,-1,-1
184,76,452.00,96.58,73.33,58.83,0.38,-1,-1,-1
184,80,530.67,124.83,91.33,68.50,0.38,-1,-1,-1
185,76,335.67,144.42,114.67,80.25,0.46,-1,-1,-1
185,87,564.33,111.67,66.00,65.00,0.40,-1,-1,-1
186,76,206.17,194.83,157.17,116.00,0.38,-1,-1,-1
186,88,515.33,145.00,90.67,79.67,0.47,-1,-1,-1
186,89,549.67,60.46,50.00,40.21,0.43,-1,-1,-1
186,90,498.33,87.08,63.33,55.83,0.41,-1,-1,-1
186,86,648.00,44.42,41.33,28.83,0.41,-1,-1,-1
187,89,531.33,69.50,54.67,42.00,0.40,-1,-1,-1
187,86,590.00,84.17,59.33,51.67,0.28,-1,-1,-1
187,91,437.67,201.50,120.67,105.67,0.44,-1,-1,-1
188,89,509.33,78.42,59.33,49.33,0.42,-1,-1,-1
188,86,566.33,106.25,71.33,57.17,0.37,-1,-1,-1
188,92,417.67,125.42,94.00,72.25,0.44,-1,-1,-1
189,89,473.67,90.83,72.67,59.33,0.41,-1,-1,-1
189,86,531.33,127.67,86.00,76.67,0.35,-1,-1,-1
189,93,559.67,64.25,46.00,36.67,0.44,-1,-1,-1
189,94,342.33,156.33,118.00,94.33,0.44,-1,-1,-1
189,95,621.33,58.58,47.33,70.00,0.42,-1,-1,-1
190,89,473.67,90.67,72.67,59.50,0.41,-1,-1,-1
190,86,531.33,127.58,86.00,76.75,0.35,-1,-1,-1
190,93,559.67,64.17,46.00,36.75,0.45,-1,-1,-1
190,94,342.33,156.33,118.00,94.33,0.44,-1,-1,-1
190,95,621.33,58.46,47.33,70.04,0.42,-1,-1,-1
191,89,337.00,143.42,118.00,81.92,0.45,-1,-1,-1
191,86,376.00,239.00,160.00,124.33,0.35,-1,-1,-1
191,93,510.67,84.25,58.67,50.17,0.26,-1,-1,-1
191,95,559.67,100.17,71.33,98.00,0.37,-1,-1,-1
192,89,209.83,185.00,166.17,116.33,0.40,-1,-1,-1
192,95,495.00,163.58,98.00,102.75,0.40,-1,-1,-1
193,89,0.00,298.67,208.17,144.67,0.11,-1,-1,-1
193,95,383.33,259.17,157.33,124.83,0.32,-1,-1,-1
193,93,510.67,84.25,58.67,50.17,0.40,-1,-1,-1
194,89,0.00,298.67,208.17,144.67,0.11,-1,-1,-1
194,95,383.33,259.17,157.33,124.83,0.32,-1,-1,-1
194,93,408.00,132.83,92.67,62.17,0.40,-1,-1,-1
195,93,176.17,237.83,177.83,127.17,0.33,-1,-1,-1
196,93,176.33,237.83,177.33,127.17,0.33,-1,-1,-1
201,96,946.00,188.50,97.33,75.67,0.44,-1,-1,-1
203,97,981.33,285.17,145.33,123.50,0.42,-1,-1,-1
203,98,535.00,70.50,52.67,40.83,0.41,-1,-1,-1
204,97,981.33,285.17,145.33,123.50,0.42,-1,-1,-1
204,98,535.00,70.46,52.67,40.88,0.41,-1,-1,-1
205,97,860.67,114.75,60.00,51.67,0.13,-1,-1,-1
205,98,351.00,148.75,106.67,73.08,0.43,-1,-1,-1
206,97,860.00,114.83,60.00,51.50,0.13,-1,-1,-1
206,98,351.00,148.75,106.67,73.08,0.43,-1,-1,-1
207,99,555.67,56.21,43.33,37.79,0.44,-1,-1,-1
207,100,639.67,58.50,39.33,33.75,0.41,-1,-1,-1
208,101,609.00,80.71,52.00,41.21,0.42,-1,-1,-1
208,93,176.33,237.83,177.33,127.17,0.40,-1,-1,-1
209,93,374.33,134.42,93.33,72.92,0.46,-1,-1,-1
209,102,624.67,61.67,40.67,41.67,0.41,-1,-1,-1
209,103,560.67,110.00,71.33,55.33,0.41,-1,-1,-1
210,93,374.33,134.67,93.33,72.67,0.46,-1,-1,-1
210,102,624.67,61.62,40.67,41.71,0.41,-1,-1,-1
210,103,560.67,109.75,71.33,55.83,0.41,-1,-1,-1
211,102,527.00,129.00,72.67,75.83,0.44,-1,-1,-1
212,102,388.00,234.67,128.00,116.00,0.39,-1,-1,-1
212,104,654.67,13.96,26.67,22.96,0.45,-1,-1,-1
212,105,925.33,208.17,110.67,91.00,0.41,-1,-1,-1
215,106,924.67,203.50,104.00,81.00,0.43,-1,-1,-1
215,107,603.00,38.04,37.33,31.67,0.43,-1,-1,-1
216,106,924.67,203.50,104.00,81.00,0.43,-1,-1,-1
216,107,603.00,38.04,37.33,31.67,0.43,-1,-1,-1
217,106,846.00,93.75,48.00,36.83,0.27,-1,-1,-1
217,107,562.00,54.79,48.67,43.21,0.44,-1,-1,-1
217,108,890.67,166.42,86.67,75.25,0.41,-1,-1,-1
218,107,545.33,64.42,52.67,45.17,0.44,-1,-1,-1
218,109,947.33,220.67,117.33,95.67,0.45,-1,-1,-1
219,107,532.33,71.21,56.00,48.12,0.43,-1,-1,-1
220,107,532.33,71.17,56.00,48.17,0.43,-1,-1,-1
221,107,513.33,77.83,62.00,54.00,0.37,-1,-1,-1
222,107,512.67,80.92,60.00,50.33,0.40,-1,-1,-1
223,107,512.67,80.92,61.33,50.67,0.39,-1,-1,-1
223,110,1.00,239.00,109.00,98.33,0.41,-1,-1,-1
224,107,512.67,80.92,61.33,50.67,0.39,-1,-1,-1
224,110,1.00,239.00,109.17,98.33,0.41,-1,-1,-1
225,107,511.67,80.75,60.00,50.50,0.39,-1,-1,-1
225,111,28.75,216.83,147.92,93.67,0.45,-1,-1,-1
226,107,511.67,80.62,60.00,50.54,0.39,-1,-1,-1
226,111,28.54,216.83,148.29,93.67,0.45,-1,-1,-1
227,107,512.67,78.79,62.00,53.88,0.38,-1,-1,-1
227,112,832.00,53.08,36.00,33.00,0.42,-1,-1,-1
228,107,513.00,79.21,62.67,53.29,0.40,-1,-1,-1
229,107,511.67,80.50,60.67,50.50,0.40,-1,-1,-1
230,107,511.67,80.50,60.67,50.50,0.40,-1,-1,-1
231,107,512.67,77.75,62.67,54.33,0.36,-1,-1,-1
231,113,1.83,200.83,133.83,102.33,0.43,-1,-1,-1
232,107,513.00,80.79,61.33,51.04,0.40,-1,-1,-1
232,113,0.00,216.17,151.25,118.67,0.38,-1,-1,-1
233,107,512.00,81.08,60.67,50.50,0.40,-1,-1,-1
234,107,512.00,81.08,60.67,50.50,0.40,-1,-1,-1
235,107,512.67,78.00,62.00,54.33,0.38,-1,-1,-1
236,107,512.67,78.17,62.00,54.17,0.38,-1,-1,-1
237,107,511.67,80.83,61.33,51.00,0.40,-1,-1,-1
238,107,511.67,80.92,60.67,50.83,0.40,-1,-1,-1
239,107,514.00,77.92,62.00,53.50,0.40,-1,-1,-1
240,107,514.00,77.92,62.00,53.50,0.40,-1,-1,-1
241,107,511.00,81.04,61.33,50.62,0.40,-1,-1,-1
241,114,656.00,55.46,43.33,35.46,0.46,-1,-1,-1
242,107,513.67,78.58,61.33,53.67,0.42,-1,-1,-1
242,114,645.00,63.08,49.67,38.25,0.44,-1,-1,-1
243,107,514.33,78.25,60.67,54.00,0.41,-1,-1,-1
243,114,638.00,70.25,50.67,43.17,0.42,-1,-1,-1
244,107,514.33,78.25,60.67,54.00,0.41,-1,-1,-1
244,114,638.00,70.25,50.67,43.17,0.42,-1,-1,-1
245,107,511.00,80.46,60.67,51.54,0.36,-1,-1,-1
245,114,618.00,80.75,59.33,51.00,0.40,-1,-1,-1
246,107,511.00,80.46,60.67,51.54,0.36,-1,-1,-1
246,114,618.00,80.75,59.33,51.00,0.40,-1,-1,-1
247,107,514.00,76.67,61.33,55.67,0.17,-1,-1,-1
247,114,614.33,87.75,59.33,49.67,0.40,-1,-1,-1
247,115,636.67,24.42,30.00,26.92,0.41,-1,-1,-1
248,107,514.00,76.67,61.33,55.67,0.17,-1,-1,-1
248,114,614.33,87.75,59.33,49.67,0.40,-1,-1,-1
248,115,637.00,24.38,29.33,26.96,0.40,-1,-1,-1
249,107,511.33,78.67,60.00,53.50,0.18,-1,-1,-1
249,114,612.00,89.00,62.67,49.83,0.41,-1,-1,-1
249,115,619.67,31.79,35.33,29.67,0.41,-1,-1,-1
250,107,511.00,78.67,60.67,53.50,0.18,-1,-1,-1
250,114,612.00,89.00,62.67,49.83,0.41,-1,-1,-1
250,115,619.67,31.69,35.33,29.81,0.42,-1,-1,-1
251,107,511.00,58.00,94.67,71.67,0.33,-1,-1,-1
251,114,614.33,88.67,60.00,49.17,0.41,-1,-1,-1
251,115,607.67,36.17,39.33,31.50,0.39,-1,-1,-1
252,107,511.00,58.25,94.67,71.33,0.32,-1,-1,-1
252,114,614.33,88.58,60.00,49.33,0.41,-1,-1,-1
252,115,607.67,36.17,39.33,31.50,0.39,-1,-1,-1
253,107,511.33,82.62,60.00,49.21,0.30,-1,-1,-1
253,114,612.33,88.75,62.00,50.17,0.41,-1,-1,-1
253,115,598.67,39.44,40.00,32.98,0.43,-1,-1,-1
253,116,1043.33,240.83,165.33,88.33,0.43,-1,-1,-1
254,107,511.33,82.62,60.00,49.21,0.29,-1,-1,-1
254,114,612.33,88.75,62.00,50.17,0.41,-1,-1,-1
254,115,598.67,39.44,40.00,32.98,0.43,-1,-1,-1
254,116,1043.33,240.83,165.33,88.33,0.43,-1,-1,-1
255,107,514.33,76.79,61.33,55.88,0.23,-1,-1,-1
255,114,613.33,88.50,60.67,50.17,0.40,-1,-1,-1
255,115,598.33,41.71,39.33,33.00,0.45,-1,-1,-1
255,116,697.33,364.33,177.33,98.00,0.21,-1,-1,-1
255,117,1000.00,182.33,158.67,66.33,0.45,-1,-1,-1
255,118,654.00,14.66,27.33,22.18,0.43,-1,-1,-1
255,119,968.67,248.67,178.67,94.00,0.43,-1,-1,-1
256,107,514.33,76.67,61.33,56.17,0.22,-1,-1,-1
256,114,613.33,88.42,60.67,50.17,0.40,-1,-1,-1
256,115,598.33,41.75,39.33,33.00,0.45,-1,-1,-1
256,116,697.33,364.33,177.33,98.00,0.20,-1,-1,-1
256,117,1000.00,182.17,158.67,66.67,0.45,-1,-1,-1
256,118,654.00,14.65,27.33,22.25,0.43,-1,-1,-1
256,119,968.67,248.67,178.67,94.00,0.43,-1,-1,-1
257,107,511.67,79.25,60.67,52.50,0.19,-1,-1,-1
257,114,612.33,86.25,60.00,53.50,0.41,-1,-1,-1
257,115,596.33,42.29,40.00,33.08,0.43,-1,-1,-1
257,117,547.33,159.92,194.67,72.08,0.45,-1,-1,-1
258,107,511.67,79.33,60.67,52.33,0.20,-1,-1,-1
258,114,612.33,86.25,60.00,53.50,0.41,-1,-1,-1
258,115,596.33,42.29,40.00,33.08,0.43,-1,-1,-1
258,117,547.33,160.00,194.67,72.00,0.45,-1,-1,-1
259,107,515.00,76.83,60.67,55.33,0.18,-1,-1,-1
259,114,614.33,88.17,59.33,50.00,0.39,-1,-1,-1
259,115,599.33,41.79,39.33,33.25,0.41,-1,-1,-1
259,117,90.08,137.25,172.92,69.92,0.33,-1,-1,-1
259,120,980.67,324.50,174.67,95.83,0.42,-1,-1,-1
260,107,515.00,76.83,60.67,55.33,0.19,-1,-1,-1
260,114,614.33,88.17,59.33,50.00,0.39,-1,-1,-1
260,115,599.33,41.75,39.33,33.33,0.41,-1,-1,-1
260,117,90.25,137.33,172.75,69.67,0.33,-1,-1,-1
260,120,980.67,324.50,174.67,95.83,0.42,-1,-1,-1
261,107,514.33,76.58,60.67,56.00,0.20,-1,-1,-1
261,114,612.67,88.50,62.00,50.17,0.41,-1,-1,-1
261,115,597.33,41.71,43.33,35.08,0.38,-1,-1,-1
261,121,886.00,198.17,194.67,79.33,0.42,-1,-1,-1
262,107,514.33,76.50,60.67,56.00,0.19,-1,-1,-1
262,114,612.67,88.50,62.00,50.17,0.41,-1,-1,-1
262,115,597.33,41.71,43.33,35.08,0.38,-1,-1,-1
262,121,886.00,198.17,194.67,79.33,0.42,-1,-1,-1
263,107,513.67,66.50,91.33,60.33,0.30,-1,-1,-1
263,114,614.33,87.83,59.33,50.00,0.41,-1,-1,-1
263,115,598.67,38.71,48.00,38.08,0.39,-1,-1,-1
263,121,326.33,176.33,198.67,74.00,0.35,-1,-1,-1
264,107,514.00,66.92,90.67,60.00,0.31,-1,-1,-1
264,114,614.33,87.92,59.33,49.83,0.40,-1,-1,-1
264,115,598.67,38.71,48.00,38.08,0.39,-1,-1,-1
264,121,326.00,176.33,198.67,74.00,0.35,-1,-1,-1
265,107,511.67,66.83,92.00,61.33,0.32,-1,-1,-1
265,114,614.33,88.67,60.00,49.83,0.40,-1,-1,-1
265,115,596.00,39.38,50.00,37.25,0.40,-1,-1,-1
266,107,511.67,67.00,92.00,61.17,0.33,-1,-1,-1
266,114,614.33,88.50,60.00,50.00,0.40,-1,-1,-1
266,115,596.00,39.38,50.00,37.25,0.40,-1,-1,-1
267,107,511.00,79.25,60.67,53.33,0.28,-1,-1,-1
267,114,613.00,88.75,61.33,49.83,0.41,-1,-1,-1
267,115,596.33,36.85,50.67,40.65,0.35,-1,-1,-1
268,107,511.00,79.25,60.67,53.17,0.28,-1,-1,-1
268,114,613.00,88.75,61.33,49.83,0.41,-1,-1,-1
268,115,596.33,36.83,50.67,40.67,0.35,-1,-1,-1
269,107,503.00,76.17,66.67,65.00,0.15,-1,-1,-1
269,114,612.67,90.08,61.33,48.67,0.42,-1,-1,-1
269,115,596.00,37.71,50.00,40.58,0.36,-1,-1,-1
270,107,503.00,75.67,66.67,65.50,0.15,-1,-1,-1
270,114,612.67,90.08,61.33,48.67,0.42,-1,-1,-1
270,115,596.00,37.67,50.00,40.67,0.36,-1,-1,-1
271,107,472.00,93.33,72.00,65.17,0.32,-1,-1,-1
271,114,603.00,98.67,62.67,54.50,0.41,-1,-1,-1
271,115,596.33,36.33,50.00,40.92,0.40,-1,-1,-1
272,107,472.00,93.25,72.00,65.17,0.32,-1,-1,-1
272,114,603.00,98.75,62.67,54.50,0.41,-1,-1,-1
272,115,596.33,36.33,50.00,40.92,0.40,-1,-1,-1
273,107,358.67,143.83,112.67,83.00,0.47,-1,-1,-1
273,114,559.67,123.00,82.67,70.33,0.45,-1,-1,-1
273,115,595.67,36.67,51.33,42.08,0.32,-1,-1,-1
274,107,358.67,143.83,112.67,83.00,0.47,-1,-1,-1
274,114,559.67,123.00,82.67,70.33,0.45,-1,-1,-1
274,115,595.67,36.75,51.33,42.00,0.33,-1,-1,-1
275,107,358.67,143.83,112.67,83.00,0.47,-1,-1,-1
275,114,559.67,123.00,82.67,70.33,0.45,-1,-1,-1
275,115,595.67,36.73,51.33,42.02,0.33,-1,-1,-1
276,107,358.67,143.75,112.67,83.08,0.47,-1,-1,-1
276,114,559.67,123.08,82.67,70.25,0.45,-1,-1,-1
276,115,595.67,36.75,51.33,42.00,0.32,-1,-1,-1
277,107,358.67,143.75,112.67,83.08,0.47,-1,-1,-1
277,114,559.67,122.83,82.67,70.50,0.45,-1,-1,-1
277,115,596.00,36.21,51.33,42.42,0.34,-1,-1,-1
278,107,358.67,143.75,112.67,83.08,0.47,-1,-1,-1
278,114,559.67,123.00,82.67,70.33,0.45,-1,-1,-1
278,115,596.00,36.21,51.33,42.42,0.34,-1,-1,-1
279,115,526.00,70.58,60.00,52.33,0.44,-1,-1,-1
279,122,350.00,131.83,110.67,93.67,0.46,-1,-1,-1
279,123,588.33,42.29,42.67,35.25,0.42,-1,-1,-1
279,124,845.33,83.92,49.33,40.67,0.41,-1,-1,-1
280,115,526.00,70.58,60.00,52.33,0.44,-1,-1,-1
280,122,350.00,131.83,110.67,93.67,0.46,-1,-1,-1
280,123,588.33,42.29,42.67,35.25,0.41,-1,-1,-1
280,124,845.33,83.92,49.33,40.67,0.41,-1,-1,-1
281,115,456.00,106.50,80.00,65.33,0.40,-1,-1,-1
281,122,47.00,268.83,221.83,147.50,0.14,-1,-1,-1
281,123,554.00,55.04,52.00,43.63,0.45,-1,-1,-1
281,124,816.67,47.17,36.00,28.75,0.35,-1,-1,-1
281,125,1002.00,174.17,86.67,70.33,0.43,-1,-1,-1
282,115,456.00,106.58,80.00,65.08,0.40,-1,-1,-1
282,122,49.08,276.50,216.25,134.17,0.12,-1,-1,-1
282,123,554.00,54.92,52.00,43.83,0.45,-1,-1,-1
282,124,816.67,47.17,36.00,28.75,0.35,-1,-1,-1
282,125,1002.00,174.00,86.67,70.33,0.43,-1,-1,-1
283,115,293.33,180.00,141.33,108.33,0.45,-1,-1,-1
283,123,491.33,80.08,67.33,56.50,0.43,-1,-1,-1
284,115,293.33,180.00,141.33,108.33,0.45,-1,-1,-1
284,123,491.33,80.08,67.33,56.50,0.43,-1,-1,-1
285,123,377.67,131.50,102.67,78.33,0.42,-1,-1,-1
286,123,377.33,131.50,103.33,78.33,0.42,-1,-1,-1
287,123,377.33,131.50,103.33,78.33,0.42,-1,-1,-1
288,123,377.33,131.50,103.33,78.33,0.42,-1,-1,-1
289,123,377.33,131.67,103.33,78.33,0.42,-1,-1,-1
290,123,377.33,131.67,103.33,78.33,0.42,-1,-1,-1
291,126,928.67,154.33,96.00,74.33,0.47,-1,-1,-1
293,127,810.67,33.27,66.67,79.23,0.42,-1,-1,-1
294,127,810.67,33.38,66.67,78.96,0.42,-1,-1,-1
295,128,878.00,235.67,124.00,106.00,0.44,-1,-1,-1
295,129,1078.67,246.00,157.33,119.00,0.42,-1,-1,-1
296,128,878.00,235.67,124.00,106.00,0.44,-1,-1,-1
296,129,1078.67,245.67,157.33,119.33,0.42,-1,-1,-1
297,128,878.00,235.67,124.00,106.00,0.43,-1,-1,-1
297,129,1078.67,245.67,157.33,119.33,0.42,-1,-1,-1
298,128,878.00,235.67,124.00,106.00,0.43,-1,-1,-1
298,129,1078.67,245.67,157.33,119.33,0.42,-1,-1,-1
299,128,878.00,235.67,124.00,106.00,0.43,-1,-1,-1
299,129,1078.67,245.67,157.33,119.33,0.42,-1,-1,-1
300,128,878.00,235.67,124.00,106.00,0.43,-1,-1,-1
300,129,1078.67,245.67,157.33,119.33,0.42,-1,-1,-1
301,130,605.67,34.46,38.00,31.00,0.48,-1,-1,-1
302,130,590.67,42.17,42.00,36.75,0.44,-1,-1,-1
302,131,1192.00,637.00,88.00,74.33,0.42,-1,-1,-1
303,130,566.00,51.21,49.33,41.62,0.44,-1,-1,-1
304,130,566.00,51.21,49.33,41.62,0.44,-1,-1,-1
305,130,530.00,67.25,57.33,48.33,0.40,-1,-1,-1
305,132,774.00,135.83,74.67,78.33,0.40,-1,-1,-1
306,130,529.67,67.21,57.33,48.46,0.40,-1,-1,-1
306,132,774.00,136.08,74.67,78.08,0.40,-1,-1,-1
307,130,520.00,71.17,60.67,50.17,0.42,-1,-1,-1
308,130,520.00,71.00,60.67,50.33,0.42,-1,-1,-1
309,130,515.00,71.67,62.67,53.00,0.43,-1,-1,-1
309,133,884.00,132.75,73.33,59.25,0.41,-1,-1,-1
309,134,582.67,53.75,40.00,33.25,0.41,-1,-1,-1
310,130,515.00,71.54,62.67,53.12,0.43,-1,-1,-1
310,133,884.00,132.83,73.33,59.00,0.41,-1,-1,-1
310,134,582.67,53.71,40.00,33.29,0.41,-1,-1,-1
311,130,512.33,59.17,84.00,65.67,0.32,-1,-1,-1
311,133,839.33,62.92,42.67,39.08,0.18,-1,-1,-1
311,134,568.00,60.92,40.00,40.33,0.17,-1,-1,-1
312,130,514.00,61.67,76.00,61.67,0.33,-1,-1,-1
312,133,822.67,44.88,37.33,32.25,0.13,-1,-1,-1
312,134,565.67,64.21,39.33,38.88,0.10,-1,-1,-1
312,135,868.00,202.83,112.00,84.67,0.46,-1,-1,-1
313,130,516.00,59.92,72.00,63.17,0.22,-1,-1,-1
313,134,569.67,65.17,35.33,37.17,0.25,-1,-1,-1
313,136,830.67,61.33,41.33,34.83,0.40,-1,-1,-1
314,130,516.00,59.92,72.00,63.17,0.22,-1,-1,-1
314,134,569.67,65.17,35.33,37.17,0.25,-1,-1,-1
314,136,830.67,61.33,41.33,34.83,0.40,-1,-1,-1
315,130,516.67,56.67,72.67,65.00,0.25,-1,-1,-1
315,134,569.67,60.46,36.00,41.04,0.29,-1,-1,-1
315,136,812.67,32.92,29.33,24.83,0.21,-1,-1,-1
315,137,979.33,268.83,138.67,103.83,0.42,-1,-1,-1
316,130,516.33,65.21,61.33,58.79,0.09,-1,-1,-1
316,134,569.67,60.58,36.00,40.92,0.29,-1,-1,-1
316,136,812.67,32.90,29.33,24.77,0.21,-1,-1,-1
316,137,979.33,268.83,138.67,104.17,0.42,-1,-1,-1
317,130,515.00,67.33,62.67,56.33,0.29,-1,-1,-1
317,134,568.00,60.04,36.67,41.46,0.23,-1,-1,-1
317,137,865.33,104.00,53.33,43.33,0.34,-1,-1,-1
318,130,515.00,67.42,62.67,56.17,0.30,-1,-1,-1
318,134,568.00,59.96,36.67,41.62,0.22,-1,-1,-1
318,137,865.33,104.00,53.33,43.33,0.35,-1,-1,-1
319,130,515.33,63.17,78.00,61.67,0.34,-1,-1,-1
319,134,570.67,64.75,36.67,38.33,0.24,-1,-1,-1
319,137,825.33,51.79,46.67,35.38,0.13,-1,-1,-1
320,130,515.67,63.21,77.33,61.62,0.34,-1,-1,-1
320,134,570.67,64.71,36.67,38.38,0.24,-1,-1,-1
320,137,825.33,51.79,46.67,35.54,0.13,-1,-1,-1
321,130,512.67,69.42,60.67,54.33,0.10,-1,-1,-1
321,134,564.33,64.08,39.33,39.50,0.16,-1,-1,-1
322,130,514.00,62.46,76.00,61.38,0.31,-1,-1,-1
322,134,567.00,64.92,37.33,38.67,0.13,-1,-1,-1
323,130,516.67,63.08,74.67,61.67,0.36,-1,-1,-1
323,134,570.00,65.17,36.00,38.00,0.29,-1,-1,-1
324,130,516.33,63.25,75.33,61.50,0.37,-1,-1,-1
324,134,570.00,65.21,36.00,37.96,0.29,-1,-1,-1
325,130,513.67,66.75,64.67,59.33,0.28,-1,-1,-1
325,134,564.67,64.08,39.33,39.67,0.20,-1,-1,-1
326,130,513.67,66.75,64.67,59.33,0.28,-1,-1,-1
326,134,564.67,64.08,39.33,39.67,0.20,-1,-1,-1
327,130,515.33,64.62,74.00,60.21,0.35,-1,-1,-1
327,134,569.33,65.25,36.00,37.67,0.30,-1,-1,-1
327,138,655.67,52.33,41.00,33.33,0.43,-1,-1,-1
328,130,515.33,64.67,74.00,60.17,0.36,-1,-1,-1
328,134,569.33,65.25,36.00,37.67,0.30,-1,-1,-1
328,138,655.67,52.29,40.33,33.38,0.44,-1,-1,-1
329,130,513.67,65.12,72.67,59.04,0.33,-1,-1,-1
329,134,567.00,64.54,36.67,38.62,0.24,-1,-1,-1
329,138,633.67,67.67,45.33,38.83,0.40,-1,-1,-1
329,139,666.33,41.67,34.33,30.33,0.44,-1,-1,-1
329,140,620.00,30.06,34.00,29.94,0.42,-1,-1,-1
330,130,513.67,64.83,72.67,59.33,0.33,-1,-1,-1
330,134,567.00,64.50,36.67,38.67,0.24,-1,-1,-1
330,138,633.67,67.79,45.33,38.71,0.39,-1,-1,-1
330,139,665.67,41.67,34.33,30.33,0.44,-1,-1,-1
330,140,620.00,29.96,34.00,30.08,0.42,-1,-1,-1
331,130,516.33,67.25,67.33,57.83,0.35,-1,-1,-1
331,134,569.67,64.79,36.00,38.21,0.35,-1,-1,-1
331,138,622.67,78.50,47.33,44.33,0.39,-1,-1,-1
331,139,658.00,50.67,36.67,35.50,0.39,-1,-1,-1
331,140,607.33,38.21,38.67,31.00,0.45,-1,-1,-1
332,130,517.67,67.50,64.00,56.83,0.34,-1,-1,-1
332,134,570.33,64.71,36.00,37.62,0.30,-1,-1,-1
332,138,620.67,80.75,46.67,47.17,0.36,-1,-1,-1
332,139,651.33,51.29,42.00,40.38,0.27,-1,-1,-1
332,140,601.00,38.25,39.33,34.75,0.39,-1,-1,-1
332,141,1118.00,215.83,93.33,74.33,0.46,-1,-1,-1
333,130,514.33,66.50,63.33,58.83,0.31,-1,-1,-1
333,134,568.00,66.46,36.67,36.38,0.19,-1,-1,-1
333,138,611.00,83.83,55.33,46.00,0.30,-1,-1,-1
333,139,646.67,60.04,44.00,39.46,0.11,-1,-1,-1
333,140,596.00,43.50,37.33,32.75,0.23,-1,-1,-1
334,130,514.33,66.17,63.33,58.83,0.29,-1,-1,-1
334,134,567.67,66.46,38.00,36.29,0.09,-1,-1,-1
334,138,610.00,82.58,58.00,47.17,0.17,-1,-1,-1
335,130,514.33,67.79,63.33,57.88,0.34,-1,-1,-1
335,134,569.00,68.42,36.00,35.00,0.27,-1,-1,-1
335,138,612.67,80.83,56.67,51.00,0.21,-1,-1,-1
336,130,514.33,67.83,63.33,57.83,0.34,-1,-1,-1
336,134,569.00,68.46,36.00,34.96,0.27,-1,-1,-1
336,138,612.67,80.92,56.67,50.83,0.23,-1,-1,-1
337,130,514.33,70.58,63.33,55.00,0.32,-1,-1,-1
337,134,570.00,65.71,37.33,38.38,0.19,-1,-1,-1
337,138,614.00,80.46,58.00,51.21,0.24,-1,-1,-1
338,130,513.67,73.92,62.67,50.17,0.39,-1,-1,-1
338,134,568.33,65.62,39.33,38.38,0.14,-1,-1,-1
338,138,612.33,79.67,59.33,52.00,0.22,-1,-1,-1
339,130,513.33,63.92,63.33,62.67,0.17,-1,-1,-1
339,134,566.33,64.42,40.67,41.50,0.12,-1,-1,-1
339,138,611.33,79.33,60.00,52.83,0.31,-1,-1,-1
340,130,506.00,68.17,70.67,56.17,0.23,-1,-1,-1
340,134,570.33,66.29,37.33,37.62,0.23,-1,-1,-1
340,138,616.00,81.92,56.67,49.50,0.27,-1,-1,-1
341,130,514.33,68.75,62.67,57.50,0.33,-1,-1,-1
341,134,569.33,65.71,36.67,39.12,0.20,-1,-1,-1
341,138,612.33,80.08,59.33,51.83,0.30,-1,-1,-1
341,142,512.33,308.17,94.00,90.83,0.41,-1,-1,-1
342,130,514.33,66.50,63.33,59.00,0.34,-1,-1,-1
342,134,568.33,65.17,38.67,39.00,0.13,-1,-1,-1
342,138,609.00,82.83,60.67,47.33,0.14,-1,-1,-1
343,130,513.67,66.33,63.33,59.33,0.29,-1,-1,-1
343,138,611.00,74.33,68.00,58.17,0.30,-1,-1,-1
344,130,513.67,66.25,63.33,59.33,0.28,-1,-1,-1
344,138,611.00,74.25,68.00,58.33,0.30,-1,-1,-1
345,130,514.33,66.75,62.67,59.17,0.29,-1,-1,-1
345,138,610.67,79.25,62.00,52.50,0.26,-1,-1,-1
346,130,514.33,66.67,62.67,59.33,0.28,-1,-1,-1
346,138,611.67,72.33,71.67,65.00,0.30,-1,-1,-1
347,130,514.33,67.17,63.33,58.17,0.33,-1,-1,-1
347,138,611.67,80.08,60.67,51.50,0.31,-1,-1,-1
347,143,414.00,221.33,85.33,93.33,0.42,-1,-1,-1
348,130,514.00,66.92,64.00,58.67,0.33,-1,-1,-1
348,138,612.00,80.25,60.67,51.33,0.33,-1,-1,-1
348,144,358.33,224.33,87.33,98.33,0.40,-1,-1,-1
349,130,514.67,66.92,62.67,58.50,0.32,-1,-1,-1
349,138,612.33,79.83,60.67,51.67,0.28,-1,-1,-1
349,145,308.33,236.50,88.67,95.33,0.42,-1,-1,-1
350,130,514.67,66.92,62.67,58.50,0.33,-1,-1,-1
350,138,612.33,79.83,60.67,51.67,0.28,-1,-1,-1
350,145,308.33,236.50,88.67,95.33,0.42,-1,-1,-1
351,130,515.00,66.67,63.33,58.33,0.31,-1,-1,-1
351,138,613.67,80.67,58.67,50.67,0.29,-1,-1,-1
351,145,263.67,241.17,92.33,99.83,0.41,-1,-1,-1
352,130,513.67,68.04,63.33,57.62,0.34,-1,-1,-1
352,138,612.00,80.46,60.00,51.04,0.34,-1,-1,-1
352,145,230.00,251.00,95.00,97.67,0.40,-1,-1,-1
353,130,515.67,66.17,62.00,58.17,0.31,-1,-1,-1
353,138,614.33,80.83,58.00,49.83,0.32,-1,-1,-1
353,145,168.75,259.33,93.92,108.00,0.38,-1,-1,-1
354,130,515.67,66.17,62.00,58.17,0.31,-1,-1,-1
354,138,614.33,80.83,58.00,49.83,0.31,-1,-1,-1
354,145,168.75,259.33,93.92,108.00,0.38,-1,-1,-1
355,130,515.00,69.00,63.33,57.00,0.33,-1,-1,-1
355,138,612.67,80.92,59.33,50.83,0.27,-1,-1,-1
355,145,128.17,277.67,101.33,103.33,0.43,-1,-1,-1
356,130,515.00,68.96,63.33,57.04,0.32,-1,-1,-1
356,138,613.00,80.92,59.33,50.83,0.27,-1,-1,-1
356,145,128.25,277.67,101.42,103.33,0.43,-1,-1,-1
357,130,515.00,66.92,62.67,58.00,0.34,-1,-1,-1
357,138,613.33,80.92,58.67,50.33,0.24,-1,-1,-1
357,145,127.75,276.50,100.25,102.83,0.44,-1,-1,-1
358,130,514.00,67.58,63.33,58.17,0.33,-1,-1,-1
358,138,611.33,80.08,60.00,51.50,0.26,-1,-1,-1
358,145,105.75,279.83,102.92,105.17,0.44,-1,-1,-1
359,130,515.00,67.58,63.33,58.50,0.32,-1,-1,-1
359,138,613.67,81.12,58.67,50.54,0.30,-1,-1,-1
359,145,80.88,286.33,105.29,106.00,0.42,-1,-1,-1
360,130,515.00,67.67,63.33,58.50,0.32,-1,-1,-1
360,138,614.00,81.17,58.00,50.50,0.30,-1,-1,-1
360,145,80.92,286.33,105.08,106.00,0.42,-1,-1,-1
369,146,993.33,225.00,180.00,68.67,0.44,-1,-1,-1
371,147,514.00,191.17,176.67,65.67,0.41,-1,-1,-1
372,148,347.67,176.00,123.33,55.67,0.46,-1,-1,-1
372,149,807.33,206.67,194.67,78.33,0.41,-1,-1,-1
373,150,539.33,189.33,182.00,69.33,0.46,-1,-1,-1
373,151,194.00,158.00,101.67,48.33,0.41,-1,-1,-1
374,152,331.33,169.33,140.67,62.00,0.46,-1,-1,-1
375,153,156.67,149.92,109.67,54.08,0.44,-1,-1,-1
377,154,438.67,188.33,146.67,64.33,0.47,-1,-1,-1
378,155,283.00,168.50,115.67,58.67,0.44,-1,-1,-1
379,156,142.33,151.67,95.33,49.33,0.43,-1,-1,-1
388,157,60.00,219.67,160.00,84.33,0.45,-1,-1,-1
394,158,386.00,174.33,140.67,65.33,0.46,-1,-1,-1
395,159,191.00,152.42,105.00,53.25,0.44,-1,-1,-1
427,160,82.83,229.00,171.33,86.67,0.42,-1,-1,-1
459,161,369.67,177.17,140.67,66.33,0.43,-1,-1,-1
460,162,159.17,152.25,107.33,51.75,0.42,-1,-1,-1
463,163,486.67,202.67,176.00,96.67,0.41,-1,-1,-1
464,164,267.33,168.17,137.00,84.67,0.45,-1,-1,-1
465,165,98.67,149.17,120.50,71.33,0.46,-1,-1,-1
465,166,393.00,182.17,180.67,93.00,0.43,-1,-1,-1
466,167,197.17,158.50,142.33,76.67,0.46,-1,-1,-1
468,168,438.67,179.67,153.33,69.67,0.46,-1,-1,-1
469,169,206.17,154.25,109.00,55.42,0.43,-1,-1,-1
477,170,0.00,205.67,98.75,74.00,0.44,-1,-1,-1
481,171,62.67,224.33,145.83,82.67,0.47,-1,-1,-1
485,172,79.25,217.00,180.75,104.67,0.41,-1,-1,-1
494,173,116.33,366.00,144.67,80.00,0.40,-1,-1,-1
498,174,10.96,206.67,140.71,72.00,0.45,-1,-1,-1
499,175,145.00,230.33,190.33,97.67,0.46,-1,-1,-1
504,176,416.67,463.33,169.33,90.67,0.41,-1,-1,-1
505,176,434.00,468.00,163.33,95.33,0.41,-1,-1,-1
506,176,441.67,463.33,170.00,103.33,0.34,-1,-1,-1
507,176,452.00,474.67,160.67,94.00,0.33,-1,-1,-1
507,177,1134.67,208.50,145.33,83.67,0.41,-1,-1,-1
507,178,1.83,196.33,106.67,74.00,0.41,-1,-1,-1
508,176,455.67,472.33,159.33,97.33,0.36,-1,-1,-1
509,176,456.33,470.67,159.33,100.00,0.36,-1,-1,-1
509,179,0.00,306.33,122.92,74.67,0.42,-1,-1,-1
510,176,457.33,470.67,158.67,100.67,0.35,-1,-1,-1
510,179,1.62,298.67,149.71,93.33,0.38,-1,-1,-1
510,180,327.50,189.50,155.83,64.00,0.46,-1,-1,-1
511,176,457.00,470.00,158.67,100.67,0.36,-1,-1,-1
511,179,9.88,302.33,163.12,98.00,0.22,-1,-1,-1
511,181,164.92,238.67,199.08,99.33,0.44,-1,-1,-1
511,182,121.33,169.17,119.67,54.67,0.41,-1,-1,-1
512,176,455.67,470.00,160.67,101.33,0.37,-1,-1,-1
512,179,0.00,292.33,189.17,114.67,0.33,-1,-1,-1
512,181,168.17,238.17,201.83,106.83,0.40,-1,-1,-1
512,183,176.83,249.50,85.33,59.33,0.42,-1,-1,-1
513,176,457.00,470.00,158.67,100.67,0.36,-1,-1,-1
513,179,38.46,320.00,166.71,90.00,0.19,-1,-1,-1
513,181,167.83,238.50,202.17,105.83,0.41,-1,-1,-1
513,183,177.50,248.33,86.67,61.00,0.41,-1,-1,-1
514,176,456.33,470.33,159.33,100.67,0.37,-1,-1,-1
514,179,9.17,293.67,205.00,110.67,0.19,-1,-1,-1
514,181,169.50,238.67,201.17,106.00,0.40,-1,-1,-1
514,183,177.33,248.83,86.00,60.00,0.41,-1,-1,-1
515,176,455.67,471.00,159.33,100.00,0.37,-1,-1,-1
515,179,77.29,333.83,135.21,79.50,0.10,-1,-1,-1
515,181,168.33,238.33,201.33,105.33,0.40,-1,-1,-1
515,183,176.83,248.50,85.67,60.33,0.40,-1,-1,-1
516,176,456.33,470.67,158.67,100.00,0.37,-1,-1,-1
516,179,77.12,334.67,135.71,79.33,0.11,-1,-1,-1
516,181,167.92,238.67,201.75,105.67,0.40,-1,-1,-1
516,183,176.67,248.33,86.33,60.33,0.41,-1,-1,-1
517,176,458.00,470.67,158.00,101.33,0.35,-1,-1,-1
517,179,76.67,334.67,137.00,80.00,0.16,-1,-1,-1
517,181,167.92,239.00,201.75,105.33,0.41,-1,-1,-1
517,183,177.17,248.33,85.33,60.33,0.41,-1,-1,-1
518,176,458.00,470.67,158.00,101.33,0.36,-1,-1,-1
518,179,77.25,335.00,136.08,79.33,0.13,-1,-1,-1
518,181,167.83,239.33,202.17,105.33,0.40,-1,-1,-1
518,183,176.83,248.00,86.33,60.67,0.40,-1,-1,-1
519,176,458.00,470.33,157.33,100.67,0.36,-1,-1,-1
519,179,76.83,334.33,137.00,80.00,0.14,-1,-1,-1
519,181,167.75,239.33,202.58,105.00,0.40,-1,-1,-1
519,183,176.83,248.00,86.33,60.67,0.41,-1,-1,-1
520,176,457.67,470.67,157.33,100.67,0.36,-1,-1,-1
520,179,445.67,445.33,171.33,120.00,0.10,-1,-1,-1
520,181,167.08,239.50,203.25,105.83,0.39,-1,-1,-1
520,183,177.00,248.83,84.33,59.00,0.42,-1,-1,-1
521,176,459.00,469.33,158.00,102.67,0.34,-1,-1,-1
521,179,77.67,335.67,147.00,83.33,0.31,-1,-1,-1
521,181,177.00,241.17,198.00,106.50,0.35,-1,-1,-1
521,183,180.17,249.67,86.00,59.67,0.32,-1,-1,-1
521,184,644.00,354.67,133.33,86.00,0.41,-1,-1,-1
522,176,469.33,484.00,174.67,98.00,0.33,-1,-1,-1
522,179,97.42,349.33,146.25,76.00,0.32,-1,-1,-1
522,181,186.00,246.50,202.00,99.50,0.36,-1,-1,-1
523,176,548.33,509.33,171.67,105.33,0.34,-1,-1,-1
523,179,137.67,368.00,138.67,74.67,0.28,-1,-1,-1
523,181,241.17,258.67,188.83,111.33,0.28,-1,-1,-1
524,176,754.67,592.00,174.67,107.33,0.16,-1,-1,-1
524,179,188.33,386.67,155.00,82.00,0.33,-1,-1,-1
524,181,345.33,292.00,206.67,108.00,0.34,-1,-1,-1
524,185,747.33,630.00,70.67,69.33,0.41,-1,-1,-1
525,176,320.00,441.00,164.00,92.67,0.32,-1,-1,-1
525,179,311.00,407.67,168.67,116.67,0.09,-1,-1,-1
525,181,584.67,331.67,212.00,123.33,0.09,-1,-1,-1
526,176,466.33,533.00,186.00,101.33,0.10,-1,-1,-1
526,179,580.67,534.33,174.00,108.67,0.21,-1,-1,-1
531,176,466.33,533.00,186.00,101.33,0.36,-1,-1,-1
532,186,496.67,501.00,56.00,66.67,0.41,-1,-1,-1
533,187,0.00,292.83,120.67,72.17,0.42,-1,-1,-1
534,176,466.33,533.00,186.00,101.33,0.39,-1,-1,-1
535,188,668.67,562.67,82.67,89.33,0.44,-1,-1,-1
539,189,577.00,203.50,185.67,74.33,0.44,-1,-1,-1
542,190,932.67,241.83,209.33,83.33,0.40,-1,-1,-1
543,191,410.67,182.83,125.33,62.67,0.46,-1,-1,-1
543,192,0.00,207.00,107.67,74.67,0.41,-1,-1,-1
544,193,131.00,149.33,89.00,47.00,0.44,-1,-1,-1
544,194,147.67,240.00,168.33,99.33,0.43,-1,-1,-1
566,195,46.96,206.00,164.21,91.33,0.43,-1,-1,-1
570,196,473.00,321.50,129.33,81.83,0.40,-1,-1,-1
571,196,475.33,321.00,125.33,82.00,0.39,-1,-1,-1
572,196,474.67,320.67,125.33,82.00,0.35,-1,-1,-1
573,196,471.33,314.17,126.00,89.50,0.36,-1,-1,-1
573,197,28.83,203.83,146.83,79.00,0.45,-1,-1,-1
574,196,474.33,319.50,126.67,84.17,0.40,-1,-1,-1
574,198,93.83,217.50,156.33,86.00,0.46,-1,-1,-1
574,199,460.33,191.17,136.00,63.67,0.44,-1,-1,-1
575,196,470.00,314.50,128.00,89.50,0.37,-1,-1,-1
575,198,129.50,216.83,167.67,100.33,0.40,-1,-1,-1
575,200,291.50,171.00,108.17,54.67,0.42,-1,-1,-1
576,196,471.00,314.50,127.33,89.50,0.37,-1,-1,-1
576,198,147.00,223.00,168.33,98.67,0.41,-1,-1,-1
576,201,144.67,152.08,91.67,47.92,0.43,-1,-1,-1
577,196,473.00,315.50,125.33,88.17,0.38,-1,-1,-1
577,198,154.00,224.83,169.33,95.33,0.45,-1,-1,-1
577,202,412.00,184.50,158.00,68.00,0.46,-1,-1,-1
578,196,470.00,314.67,128.00,89.33,0.36,-1,-1,-1
578,198,151.08,225.00,171.25,97.67,0.44,-1,-1,-1
578,203,226.00,163.83,120.33,59.33,0.45,-1,-1,-1
579,196,474.00,320.17,126.67,82.83,0.38,-1,-1,-1
579,198,155.33,224.83,167.67,96.00,0.45,-1,-1,-1
579,204,1110.00,256.50,108.00,50.67,0.43,-1,-1,-1
580,196,475.33,320.33,123.33,82.67,0.36,-1,-1,-1
580,198,153.00,224.00,169.67,96.33,0.45,-1,-1,-1
581,196,470.67,314.67,126.00,89.33,0.35,-1,-1,-1
581,198,152.25,223.67,169.08,96.33,0.46,-1,-1,-1
582,196,471.33,314.33,126.00,90.00,0.37,-1,-1,-1
582,198,153.33,224.00,170.00,96.00,0.45,-1,-1,-1
583,196,470.67,314.00,128.00,90.67,0.38,-1,-1,-1
583,198,153.33,225.00,170.00,95.33,0.45,-1,-1,-1
583,205,430.00,183.17,140.00,62.00,0.46,-1,-1,-1
584,196,475.67,320.83,122.67,82.50,0.36,-1,-1,-1
584,198,153.00,225.00,169.67,95.67,0.44,-1,-1,-1
584,206,283.33,162.92,120.67,59.92,0.41,-1,-1,-1
585,196,474.33,320.50,126.00,82.83,0.37,-1,-1,-1
585,198,152.67,227.00,169.67,94.33,0.45,-1,-1,-1
585,207,164.50,156.33,99.67,46.00,0.43,-1,-1,-1
586,196,470.00,315.17,128.67,88.83,0.37,-1,-1,-1
586,198,155.08,224.67,168.58,96.00,0.45,-1,-1,-1
587,196,472.33,321.50,128.67,82.50,0.38,-1,-1,-1
587,198,153.67,225.83,169.67,95.00,0.45,-1,-1,-1
588,196,471.33,321.50,132.67,83.17,0.40,-1,-1,-1
588,198,153.00,225.83,170.33,95.00,0.45,-1,-1,-1
589,196,490.67,328.17,137.33,80.17,0.45,-1,-1,-1
589,198,157.08,226.17,169.25,95.00,0.44,-1,-1,-1
590,196,596.00,354.33,133.33,79.33,0.44,-1,-1,-1
590,198,167.42,225.33,178.25,97.33,0.42,-1,-1,-1
591,196,776.67,373.33,126.67,90.67,0.38,-1,-1,-1
591,198,199.33,237.50,184.00,104.17,0.41,-1,-1,-1
592,198,232.67,238.50,205.67,124.17,0.34,-1,-1,-1
592,208,858.00,414.67,73.33,52.00,0.45,-1,-1,-1
592,209,1084.67,433.33,81.33,59.33,0.43,-1,-1,-1
593,198,331.00,256.33,212.00,101.00,0.10,-1,-1,-1
593,196,776.67,373.33,126.67,90.67,0.38,-1,-1,-1
597,210,89.17,228.17,175.67,91.00,0.44,-1,-1,-1
600,211,1049.33,433.67,65.33,50.00,0.45,-1,-1,-1
610,212,270.33,268.50,91.00,67.00,0.43,-1,-1,-1
614,213,187.83,250.00,205.50,107.67,0.41,-1,-1,-1
626,214,423.00,186.33,147.33,60.33,0.45,-1,-1,-1
626,215,226.67,181.17,128.33,65.00,0.44,-1,-1,-1
638,216,0.00,289.50,119.00,83.83,0.43,-1,-1,-1
640,217,128.25,314.33,185.75,72.00,0.42,-1,-1,-1
641,217,169.25,324.50,189.42,73.50,0.40,-1,-1,-1
642,217,178.33,328.33,198.67,77.33,0.31,-1,-1,-1
643,217,178.67,328.50,198.00,77.83,0.31,-1,-1,-1
644,217,178.50,328.67,198.83,78.00,0.30,-1,-1,-1
644,218,806.00,219.50,201.33,70.67,0.42,-1,-1,-1
645,217,190.17,333.00,187.83,73.33,0.30,-1,-1,-1
646,217,191.00,331.83,186.67,73.50,0.32,-1,-1,-1
646,219,366.00,177.00,128.00,55.67,0.45,-1,-1,-1
647,217,191.67,332.17,185.67,73.17,0.32,-1,-1,-1
647,220,175.17,156.83,97.67,44.00,0.41,-1,-1,-1
648,217,190.50,332.67,185.50,72.67,0.31,-1,-1,-1
649,217,181.33,328.67,192.33,76.67,0.32,-1,-1,-1
650,217,180.67,329.00,190.67,76.00,0.34,-1,-1,-1
651,217,180.67,328.83,192.33,76.50,0.32,-1,-1,-1
652,217,182.33,328.33,188.67,76.00,0.33,-1,-1,-1
653,217,182.00,328.33,188.67,76.67,0.34,-1,-1,-1
654,217,181.17,328.50,189.50,76.83,0.33,-1,-1,-1
655,217,180.00,328.50,194.00,76.83,0.31,-1,-1,-1
656,217,193.67,330.83,186.00,76.17,0.30,-1,-1,-1
657,217,213.83,336.17,187.50,76.50,0.26,-1,-1,-1
658,217,254.33,340.67,203.33,78.00,0.10,-1,-1,-1
659,217,359.00,371.33,187.33,113.33,0.24,-1,-1,-1
660,217,596.67,458.67,229.33,120.67,0.09,-1,-1,-1
664,221,487.33,217.17,196.00,77.00,0.42,-1,-1,-1
665,222,225.50,184.33,131.17,60.00,0.43,-1,-1,-1
666,223,497.00,195.00,164.67,66.67,0.44,-1,-1,-1
667,224,357.33,196.33,160.67,74.67,0.45,-1,-1,-1
667,225,243.83,167.67,116.83,50.67,0.41,-1,-1,-1
691,226,60.54,183.17,151.29,112.33,0.42,-1,-1,-1
707,227,6.54,522.33,89.63,102.67,0.44,-1,-1,-1
709,228,0.00,288.00,122.67,93.33,0.41,-1,-1,-1
711,229,18.08,214.67,148.00,75.33,0.45,-1,-1,-1
714,230,343.33,172.83,137.33,63.00,0.46,-1,-1,-1
718,231,417.33,330.67,127.33,76.67,0.41,-1,-1,-1
719,231,417.67,330.83,126.67,76.17,0.40,-1,-1,-1
720,231,417.67,330.50,127.33,76.17,0.40,-1,-1,-1
720,232,281.67,127.17,135.33,94.67,0.45,-1,-1,-1
721,233,401.33,292.00,50.00,33.67,0.40,-1,-1,-1
724,234,595.67,330.17,113.67,60.83,0.45,-1,-1,-1
726,235,517.33,326.67,110.00,66.67,0.44,-1,-1,-1
746,236,515.33,337.33,120.67,73.33,0.45,-1,-1,-1
761,237,196.00,302.00,46.33,43.67,0.44,-1,-1,-1
775,238,678.67,330.50,145.33,71.50,0.46,-1,-1,-1
776,239,547.67,308.83,80.00,46.83,0.45,-1,-1,-1
778,240,626.00,336.50,129.33,62.17,0.47,-1,-1,-1
778,241,464.00,316.50,86.00,65.83,0.46,-1,-1,-1
779,242,422.67,298.33,54.00,46.00,0.40,-1,-1,-1
798,243,1110.67,492.00,50.67,59.33,0.41,-1,-1,-1
799,244,654.00,314.33,156.00,96.00,0.42,-1,-1,-1
800,245,208.17,301.17,41.33,32.33,0.47,-1,-1,-1
805,246,117.42,320.67,80.92,66.67,0.43,-1,-1,-1
809,247,539.33,347.00,150.00,90.00,0.43,-1,-1,-1
812,248,561.67,307.67,100.67,61.33,0.45,-1,-1,-1
815,249,441.00,304.00,59.33,41.33,0.45,-1,-1,-1
818,250,60.17,346.00,105.83,96.00,0.42,-1,-1,-1
821,251,954.00,381.33,77.33,91.33,0.42,-1,-1,-1
821,252,439.33,309.50,64.00,48.50,0.40,-1,-1,-1
822,253,395.67,292.17,42.00,32.67,0.44,-1,-1,-1
826,254,1168.67,639.67,70.67,76.33,0.45,-1,-1,-1
828,255,602.00,327.50,135.33,85.17,0.46,-1,-1,-1
844,256,716.00,337.83,181.33,97.50,0.43,-1,-1,-1
845,257,561.33,311.67,101.33,62.00,0.47,-1,-1,-1
868,258,562.33,330.00,178.33,121.33,0.42,-1,-1,-1
869,259,479.33,292.00,90.67,83.67,0.44,-1,-1,-1
870,260,926.67,419.67,134.67,76.00,0.41,-1,-1,-1
871,261,605.00,328.00,118.33,66.00,0.46,-1,-1,-1
872,262,506.00,311.67,69.33,38.67,0.44,-1,-1,-1
873,263,593.00,320.50,111.00,63.83,0.46,-1,-1,-1
884,264,48.33,349.00,101.50,96.00,0.43,-1,-1,-1
896,265,105.00,306.50,97.00,88.50,0.45,-1,-1,-1
900,266,456.33,311.67,79.33,56.67,0.47,-1,-1,-1
901,267,396.00,293.50,41.33,30.00,0.40,-1,-1,-1
905,268,455.67,314.00,78.67,57.33,0.47,-1,-1,-1
906,269,398.33,293.17,44.67,31.33,0.46,-1,-1,-1
925,270,949.33,408.33,125.33,66.67,0.40,-1,-1,-1
926,271,665.00,324.67,141.67,76.00,0.46,-1,-1,-1
927,272,556.00,305.83,90.00,57.17,0.46,-1,-1,-1
937,273,10.58,259.00,130.75,67.00,0.43,-1,-1,-1
938,273,10.67,259.00,131.00,67.33,0.43,-1,-1,-1
939,273,10.92,258.67,131.00,67.33,0.43,-1,-1,-1
940,273,10.71,253.50,141.63,79.00,0.13,-1,-1,-1
941,273,14.71,258.50,124.29,67.00,0.22,-1,-1,-1
942,273,14.71,258.67,124.79,66.67,0.23,-1,-1,-1
943,273,15.62,258.00,124.04,67.33,0.18,-1,-1,-1
944,273,14.38,258.17,125.79,67.33,0.15,-1,-1,-1
945,273,20.12,245.50,141.88,90.33,0.10,-1,-1,-1
946,273,18.38,243.67,145.29,93.67,0.09,-1,-1,-1
949,273,18.38,243.67,145.29,93.67,0.36,-1,-1,-1
950,273,13.71,259.33,127.46,67.67,0.36,-1,-1,-1
951,273,13.38,259.50,127.79,67.33,0.42,-1,-1,-1
952,273,13.42,259.83,126.83,66.67,0.42,-1,-1,-1
953,273,13.25,259.83,127.50,67.00,0.40,-1,-1,-1
954,273,12.25,259.83,129.50,67.00,0.42,-1,-1,-1
955,273,11.29,258.67,130.04,68.33,0.40,-1,-1,-1
956,273,12.38,259.00,127.62,68.00,0.42,-1,-1,-1
956,274,192.83,304.33,45.33,42.33,0.42,-1,-1,-1
957,273,12.71,259.00,129.29,68.00,0.40,-1,-1,-1
957,274,171.00,309.33,54.33,55.67,0.35,-1,-1,-1
958,273,12.00,258.83,131.50,68.33,0.42,-1,-1,-1
958,274,129.00,322.33,75.00,74.67,0.44,-1,-1,-1
959,273,12.83,258.33,126.83,69.33,0.37,-1,-1,-1
959,274,37.00,361.33,124.83,111.33,0.39,-1,-1,-1
959,275,446.33,287.17,106.67,76.83,0.44,-1,-1,-1
960,273,12.46,257.67,131.21,69.67,0.27,-1,-1,-1
961,273,13.04,258.67,129.29,69.00,0.26,-1,-1,-1
962,273,13.75,258.33,127.17,69.67,0.20,-1,-1,-1
963,273,14.17,259.00,127.33,68.67,0.23,-1,-1,-1
964,273,13.75,259.67,127.00,67.67,0.36,-1,-1,-1
965,273,13.21,258.83,129.29,68.33,0.35,-1,-1,-1
966,273,13.54,259.33,129.29,68.00,0.30,-1,-1,-1
967,273,14.00,259.83,127.67,67.33,0.35,-1,-1,-1
968,273,13.62,259.50,128.54,67.67,0.33,-1,-1,-1
969,273,13.46,259.00,129.21,68.33,0.28,-1,-1,-1
970,273,13.25,257.67,128.00,70.33,0.15,-1,-1,-1
971,273,12.67,258.00,129.00,69.67,0.25,-1,-1,-1
972,273,9.92,247.17,145.67,92.17,0.10,-1,-1,-1
973,273,8.79,247.33,147.88,92.00,0.11,-1,-1,-1
974,273,8.46,248.00,148.38,91.00,0.10,-1,-1,-1
974,276,132.83,324.00,78.00,62.00,0.46,-1,-1,-1
975,273,14.29,255.67,129.21,73.00,0.11,-1,-1,-1
976,273,9.67,248.33,146.25,90.33,0.10,-1,-1,-1
977,273,9.96,247.83,145.71,90.83,0.10,-1,-1,-1
978,273,10.04,247.83,145.29,90.83,0.12,-1,-1,-1
979,273,9.88,248.00,146.29,91.00,0.10,-1,-1,-1
980,273,10.54,248.50,144.79,90.00,0.10,-1,-1,-1
981,273,10.04,247.00,146.29,92.33,0.10,-1,-1,-1
982,277,207.50,304.17,43.33,38.50,0.45,-1,-1,-1
983,278,150.42,318.50,71.92,67.50,0.43,-1,-1,-1
1055,279,483.00,304.00,98.67,88.00,0.45,-1,-1,-1
1060,280,604.33,351.67,153.00,80.00,0.48,-1,-1,-1
1061,281,515.67,325.67,100.67,55.33,0.45,-1,-1,-1
1062,282,458.67,308.67,64.67,42.33,0.45,-1,-1,-1
1075,283,179.67,307.00,49.67,46.67,0.41,-1,-1,-1
1076,284,42.12,354.00,108.38,96.00,0.44,-1,-1,-1
1077,285,140.67,317.33,72.33,70.67,0.44,-1,-1,-1
1080,286,192.67,305.50,47.67,42.50,0.41,-1,-1,-1
1081,287,87.33,336.50,93.50,79.50,0.46,-1,-1,-1
