3,1,521.67,11.29,122.67,80.71,0.42,-1,-1,-1
4,1,550.67,19.85,81.33,76.65,0.32,-1,-1,-1
5,1,534.67,18.71,90.67,89.96,0.26,-1,-1,-1
5,2,972.00,247.33,118.67,99.67,0.45,-1,-1,-1
5,3,505.33,157.67,101.33,80.33,0.44,-1,-1,-1
6,1,515.67,25.54,90.00,83.96,0.33,-1,-1,-1
6,4,424.00,223.67,132.00,109.00,0.41,-1,-1,-1
7,1,492.33,22.04,113.33,103.79,0.21,-1,-1,-1
7,5,269.50,168.17,152.17,92.67,0.43,-1,-1,-1
8,1,429.00,37.92,157.33,105.17,0.20,-1,-1,-1
9,1,396.33,53.38,168.00,117.62,0.31,-1,-1,-1
10,1,298.17,58.75,239.83,153.25,0.17,-1,-1,-1
16,6,979.33,293.50,152.00,122.17,0.41,-1,-1,-1
17,7,899.33,167.83,90.67,67.00,0.48,-1,-1,-1
18,8,862.00,109.25,56.00,46.50,0.42,-1,-1,-1
18,9,391.33,212.33,137.33,101.33,0.41,-1,-1,-1
20,10,918.67,184.67,97.33,65.67,0.46,-1,-1,-1
20,11,496.00,142.67,92.67,85.00,0.42,-1,-1,-1
20,12,814.67,254.17,142.67,113.50,0.42,-1,-1,-1
33,13,967.33,247.17,140.00,99.17,0.43,-1,-1,-1
34,14,899.33,155.08,98.67,66.58,0.41,-1,-1,-1
38,15,925.33,214.17,118.67,77.33,0.46,-1,-1,-1
39,16,777.33,89.17,176.00,103.83,0.41,-1,-1,-1
40,17,942.67,198.67,97.33,79.67,0.44,-1,-1,-1
44,18,946.67,227.33,124.00,88.67,0.42,-1,-1,-1
45,19,63.83,260.00,150.33,114.00,0.43,-1,-1,-1
46,20,0.00,180.83,71.00,70.33,0.46,-1,-1,-1
53,21,1113.33,193.50,94.67,77.67,0.45,-1,-1,-1
54,21,1114.67,184.33,81.33,80.67,0.42,-1,-1,-1
55,22,1115.33,182.33,66.67,70.67,0.41,-1,-1,-1
66,23,658.67,41.75,40.00,34.50,0.41,-1,-1,-1
71,24,0.00,179.50,108.33,80.00,0.45,-1,-1,-1
73,25,400.33,204.50,203.33,87.00,0.42,-1,-1,-1
82,26,630.00,61.42,52.00,45.67,0.42,-1,-1,-1
83,26,627.00,63.42,52.00,47.67,0.42,-1,-1,-1
84,26,625.67,67.25,52.00,47.17,0.41,-1,-1,-1
85,26,621.67,69.71,54.67,48.79,0.41,-1,-1,-1
86,26,620.00,69.58,52.67,50.17,0.43,-1,-1,-1
87,26,618.00,69.83,52.67,51.83,0.42,-1,-1,-1
88,26,615.00,71.50,55.33,53.33,0.39,-1,-1,-1
89,26,613.33,73.25,59.33,53.50,0.26,-1,-1,-1
90,26,613.00,76.58,60.67,52.00,0.26,-1,-1,-1
91,26,603.00,80.38,65.33,54.12,0.10,-1,-1,-1
94,26,603.00,80.38,65.33,54.12,0.39,-1,-1,-1
95,26,433.00,219.67,140.00,106.00,0.36,-1,-1,-1
97,27,509.67,150.00,100.00,88.67,0.42,-1,-1,-1
104,28,958.00,226.67,121.33,96.00,0.40,-1,-1,-1
110,29,939.33,210.00,114.67,72.00,0.43,-1,-1,-1
111,30,410.00,202.00,138.00,107.67,0.42,-1,-1,-1
112,31,949.33,267.17,154.67,111.50,0.44,-1,-1,-1
113,32,870.00,158.17,86.67,70.00,0.42,-1,-1,-1
115,33,793.33,75.67,45.33,40.17,0.44,-1,-1,-1
118,34,617.67,26.17,37.33,30.83,0.45,-1,-1,-1
119,35,599.33,36.25,38.67,34.50,0.44,-1,-1,-1
120,36,575.33,47.00,44.00,36.75,0.43,-1,-1,-1
121,37,927.33,238.33,125.33,96.00,0.46,-1,-1,-1
121,38,546.00,55.67,54.67,43.75,0.44,-1,-1,-1
122,38,520.67,62.96,62.00,50.54,0.42,-1,-1,-1
123,38,502.33,69.12,66.67,53.71,0.44,-1,-1,-1
124,38,496.00,72.42,67.33,55.83,0.44,-1,-1,-1
125,38,491.33,73.00,71.33,57.50,0.46,-1,-1,-1
126,38,491.33,73.33,71.33,57.83,0.45,-1,-1,-1
126,39,936.00,216.50,117.33,74.33,0.47,-1,-1,-1
127,38,491.00,72.83,71.33,58.17,0.46,-1,-1,-1
128,38,490.67,72.42,72.00,58.67,0.46,-1,-1,-1
129,38,490.67,72.38,71.33,58.79,0.45,-1,-1,-1
130,38,491.33,72.67,71.33,58.50,0.45,-1,-1,-1
131,38,491.00,73.17,71.33,57.67,0.45,-1,-1,-1
132,38,491.33,73.25,71.33,57.33,0.46,-1,-1,-1
133,38,491.33,73.08,71.33,58.00,0.45,-1,-1,-1
133,40,71.92,216.83,207.42,128.50,0.43,-1,-1,-1
134,38,491.67,73.08,71.33,58.00,0.45,-1,-1,-1
134,41,1.92,163.00,117.17,90.00,0.44,-1,-1,-1
134,42,916.67,208.00,132.00,92.67,0.43,-1,-1,-1
135,38,491.00,73.00,71.33,58.17,0.45,-1,-1,-1
136,38,492.00,73.08,70.67,57.83,0.45,-1,-1,-1
136,43,842.67,84.17,58.67,47.33,0.41,-1,-1,-1
137,38,491.67,73.00,70.67,57.67,0.45,-1,-1,-1
138,38,490.67,72.33,72.00,58.00,0.46,-1,-1,-1
139,38,491.00,72.58,71.33,57.83,0.46,-1,-1,-1
140,38,491.33,72.83,71.33,57.50,0.46,-1,-1,-1
140,44,88.08,185.67,166.92,116.33,0.42,-1,-1,-1
141,38,491.33,72.75,71.33,57.83,0.46,-1,-1,-1
141,45,1.71,130.33,108.96,93.00,0.41,-1,-1,-1
142,38,491.33,73.00,71.33,57.83,0.45,-1,-1,-1
143,38,491.00,73.00,71.33,57.83,0.45,-1,-1,-1
144,38,491.00,72.83,71.33,58.17,0.45,-1,-1,-1
145,38,491.00,73.00,71.33,58.00,0.45,-1,-1,-1
146,38,491.67,73.12,70.67,57.88,0.45,-1,-1,-1
146,46,901.33,175.00,85.33,71.67,0.46,-1,-1,-1
147,38,491.67,73.12,70.67,57.88,0.45,-1,-1,-1
147,47,862.00,114.33,58.67,48.67,0.44,-1,-1,-1
148,38,491.33,73.29,70.67,57.54,0.45,-1,-1,-1
149,38,491.33,73.25,70.67,57.67,0.45,-1,-1,-1
150,38,491.00,72.92,71.33,58.00,0.46,-1,-1,-1
151,38,490.67,72.75,72.00,58.17,0.46,-1,-1,-1
152,38,491.00,72.83,71.33,57.67,0.46,-1,-1,-1
153,38,490.67,72.33,71.33,58.00,0.46,-1,-1,-1
154,38,492.33,72.38,70.00,57.96,0.45,-1,-1,-1
155,38,493.00,73.62,70.00,55.38,0.44,-1,-1,-1
155,48,868.67,254.67,89.33,59.00,0.41,-1,-1,-1
156,38,493.67,74.29,68.00,54.04,0.41,-1,-1,-1
157,38,494.00,75.83,67.33,55.17,0.39,-1,-1,-1
158,38,495.33,69.50,65.33,61.50,0.25,-1,-1,-1
158,49,1118.67,219.17,150.67,76.33,0.45,-1,-1,-1
159,38,496.00,75.83,64.67,52.50,0.29,-1,-1,-1
160,38,494.67,73.92,66.00,55.83,0.37,-1,-1,-1
161,38,492.67,74.67,70.00,55.17,0.44,-1,-1,-1
162,38,492.67,73.38,71.33,57.12,0.45,-1,-1,-1
163,38,492.33,73.17,72.00,57.50,0.46,-1,-1,-1
164,38,491.67,73.42,72.67,56.83,0.45,-1,-1,-1
165,38,491.67,73.50,72.67,56.83,0.45,-1,-1,-1
165,50,1102.67,224.83,148.00,100.33,0.41,-1,-1,-1
166,38,491.67,73.42,72.67,57.17,0.45,-1,-1,-1
167,38,491.67,73.46,72.67,57.04,0.45,-1,-1,-1
168,38,492.00,73.62,72.00,56.21,0.45,-1,-1,-1
169,38,491.33,73.50,72.67,56.33,0.45,-1,-1,-1
170,38,491.67,73.50,72.67,56.33,0.45,-1,-1,-1
171,38,492.00,73.50,72.00,56.33,0.45,-1,-1,-1
172,38,492.00,73.58,72.00,56.33,0.45,-1,-1,-1
173,38,491.67,73.79,72.00,55.88,0.45,-1,-1,-1
174,38,491.67,73.92,72.67,56.83,0.45,-1,-1,-1
175,38,491.67,73.79,72.67,56.71,0.45,-1,-1,-1
176,38,492.33,73.92,72.00,55.17,0.43,-1,-1,-1
177,38,493.00,74.67,71.33,54.33,0.41,-1,-1,-1
177,51,566.67,0.00,74.00,77.50,0.42,-1,-1,-1
178,38,494.33,74.04,69.33,53.62,0.32,-1,-1,-1
179,38,495.00,72.58,80.67,55.83,0.15,-1,-1,-1
186,38,495.00,72.58,80.67,55.83,0.37,-1,-1,-1
187,52,312.33,128.08,120.67,72.92,0.42,-1,-1,-1
188,53,427.67,154.75,100.00,86.58,0.44,-1,-1,-1
190,54,455.67,157.67,107.33,86.33,0.44,-1,-1,-1
192,55,938.67,219.67,146.67,117.33,0.40,-1,-1,-1
194,56,500.00,73.83,68.67,49.50,0.48,-1,-1,-1
194,57,868.00,196.33,125.33,106.67,0.42,-1,-1,-1
195,58,423.67,103.33,88.67,58.67,0.42,-1,-1,-1
195,59,777.33,104.67,110.67,72.67,0.41,-1,-1,-1
196,60,790.67,69.17,49.33,50.33,0.45,-1,-1,-1
196,61,287.00,158.00,135.33,86.33,0.42,-1,-1,-1
200,62,1101.33,263.33,153.33,105.67,0.45,-1,-1,-1
201,63,1018.00,186.17,100.00,71.33,0.45,-1,-1,-1
202,64,506.33,139.08,96.67,77.08,0.46,-1,-1,-1
214,65,968.67,268.67,148.00,105.67,0.42,-1,-1,-1
216,66,926.00,224.00,117.33,81.33,0.46,-1,-1,-1
221,67,527.00,69.67,57.33,53.33,0.42,-1,-1,-1
222,67,524.00,69.62,61.33,54.04,0.38,-1,-1,-1
223,67,523.67,70.21,60.67,54.12,0.40,-1,-1,-1
224,67,523.00,69.25,60.67,55.17,0.38,-1,-1,-1
224,68,915.33,227.17,133.33,98.33,0.41,-1,-1,-1
224,69,35.96,201.83,139.21,93.00,0.40,-1,-1,-1
225,67,522.67,69.58,60.00,54.83,0.34,-1,-1,-1
226,67,523.00,68.42,60.00,56.00,0.35,-1,-1,-1
227,67,523.00,68.38,60.67,55.96,0.35,-1,-1,-1
228,67,523.00,69.25,60.67,55.00,0.39,-1,-1,-1
228,70,889.33,167.33,104.00,80.33,0.43,-1,-1,-1
229,67,523.00,69.71,60.00,54.62,0.39,-1,-1,-1
230,67,522.67,69.08,60.67,55.17,0.38,-1,-1,-1
230,71,960.00,260.50,136.00,91.17,0.42,-1,-1,-1
231,67,523.67,68.92,60.00,55.00,0.37,-1,-1,-1
231,72,59.08,178.50,157.58,85.00,0.46,-1,-1,-1
232,67,523.33,68.67,62.00,55.17,0.38,-1,-1,-1
232,73,0.00,142.08,92.42,63.42,0.41,-1,-1,-1
233,67,523.33,71.75,63.33,52.33,0.42,-1,-1,-1
234,67,524.00,71.50,60.67,52.00,0.33,-1,-1,-1
234,74,796.67,30.48,58.67,45.10,0.45,-1,-1,-1
235,67,524.33,72.33,58.00,50.50,0.34,-1,-1,-1
236,67,523.67,71.67,58.00,51.83,0.36,-1,-1,-1
237,67,524.67,70.58,58.00,52.83,0.41,-1,-1,-1
238,67,523.00,71.04,60.67,52.62,0.39,-1,-1,-1
239,67,522.00,69.75,61.33,55.00,0.16,-1,-1,-1
240,67,524.00,68.46,59.33,55.38,0.33,-1,-1,-1
241,67,524.00,69.08,59.33,54.83,0.33,-1,-1,-1
242,67,523.67,68.75,60.00,55.17,0.31,-1,-1,-1
243,67,523.67,68.92,60.00,55.00,0.33,-1,-1,-1
244,67,523.67,69.00,61.33,54.83,0.35,-1,-1,-1
245,67,523.33,69.08,62.67,54.83,0.35,-1,-1,-1
246,67,523.33,69.00,62.67,54.83,0.36,-1,-1,-1
247,67,523.67,69.25,62.67,54.50,0.39,-1,-1,-1
248,67,523.00,69.42,63.33,54.33,0.38,-1,-1,-1
249,67,523.67,69.67,60.00,53.67,0.31,-1,-1,-1
250,67,520.33,57.67,71.33,64.33,0.11,-1,-1,-1
251,67,520.33,58.88,68.67,63.96,0.13,-1,-1,-1
252,67,521.00,60.50,68.00,61.67,0.10,-1,-1,-1
256,75,54.75,160.17,201.25,86.33,0.42,-1,-1,-1
256,76,622.33,69.58,51.33,50.83,0.40,-1,-1,-1
257,76,620.33,72.08,51.33,52.00,0.35,-1,-1,-1
257,77,302.00,166.33,198.00,74.33,0.42,-1,-1,-1
258,76,619.33,72.67,50.67,53.00,0.27,-1,-1,-1
259,76,620.00,73.88,49.33,51.62,0.30,-1,-1,-1
262,78,858.00,81.92,46.67,42.00,0.42,-1,-1,-1
264,79,641.00,14.78,29.33,27.68,0.40,-1,-1,-1
265,79,631.67,18.05,34.00,29.57,0.31,-1,-1,-1
265,80,705.33,186.67,202.67,66.67,0.42,-1,-1,-1
266,79,626.00,20.71,34.00,31.46,0.15,-1,-1,-1
274,67,521.00,60.50,68.00,61.67,0.34,-1,-1,-1
275,67,282.83,153.67,141.83,88.67,0.42,-1,-1,-1
275,81,421.00,210.50,140.00,101.33,0.43,-1,-1,-1
276,82,942.67,216.17,110.67,80.33,0.41,-1,-1,-1
277,83,300.00,139.58,123.33,85.42,0.43,-1,-1,-1
278,84,478.00,93.50,69.33,56.33,0.44,-1,-1,-1
279,85,415.33,118.33,93.33,70.50,0.43,-1,-1,-1
280,86,307.67,169.33,131.33,83.33,0.42,-1,-1,-1
280,87,515.67,68.96,61.33,53.71,0.41,-1,-1,-1
281,88,461.67,90.58,80.67,57.67,0.44,-1,-1,-1
282,89,375.33,122.17,107.33,69.00,0.44,-1,-1,-1
282,90,457.67,186.50,115.33,95.67,0.42,-1,-1,-1
283,91,217.00,182.67,171.67,103.00,0.40,-1,-1,-1
287,92,891.33,169.67,86.67,73.67,0.45,-1,-1,-1
291,93,492.33,76.96,69.33,57.88,0.40,-1,-1,-1
292,94,930.67,207.67,120.00,94.67,0.44,-1,-1,-1
294,95,850.67,92.00,56.00,47.00,0.45,-1,-1,-1
294,96,978.00,246.17,133.33,92.50,0.41,-1,-1,-1
296,97,950.00,237.67,114.67,93.67,0.42,-1,-1,-1
297,98,779.33,88.42,170.67,110.92,0.40,-1,-1,-1
298,99,950.00,261.33,134.67,101.33,0.44,-1,-1,-1
300,100,985.33,288.67,145.33,124.67,0.41,-1,-1,-1
301,101,904.67,174.33,89.33,70.00,0.47,-1,-1,-1
303,102,954.67,271.00,149.33,86.67,0.45,-1,-1,-1
306,103,968.00,289.33,172.00,126.00,0.40,-1,-1,-1
309,104,716.67,0.00,124.00,52.17,0.44,-1,-1,-1
310,104,718.00,0.00,114.67,45.79,0.44,-1,-1,-1
310,105,3.21,183.33,109.96,105.00,0.43,-1,-1,-1
311,104,720.00,0.00,109.33,40.58,0.41,-1,-1,-1
311,106,950.67,245.00,118.67,85.33,0.44,-1,-1,-1
312,104,728.67,0.00,86.67,35.40,0.15,-1,-1,-1
313,107,0.00,196.33,136.83,99.00,0.42,-1,-1,-1
313,108,854.67,101.83,54.67,41.83,0.42,-1,-1,-1
317,109,144.00,251.00,192.00,103.33,0.45,-1,-1,-1
318,110,13.08,177.00,141.17,84.33,0.46,-1,-1,-1
318,111,936.67,194.33,105.33,93.33,0.45,-1,-1,-1
320,104,728.67,0.00,86.67,35.40,0.38,-1,-1,-1
321,104,717.33,0.00,114.67,46.67,0.30,-1,-1,-1
322,104,721.33,0.00,112.00,49.17,0.14,-1,-1,-1
323,104,718.00,0.00,109.33,42.17,0.20,-1,-1,-1
324,104,717.33,0.00,112.00,40.75,0.39,-1,-1,-1
325,104,726.67,0.00,94.67,37.33,0.38,-1,-1,-1
326,104,730.00,0.00,89.33,34.50,0.26,-1,-1,-1
333,112,67.75,272.83,117.58,69.17,0.42,-1,-1,-1
334,113,253.50,265.50,115.17,61.67,0.41,-1,-1,-1
342,114,1069.33,229.00,165.33,87.33,0.43,-1,-1,-1
343,114,984.00,230.33,202.67,95.67,0.38,-1,-1,-1
344,114,912.67,239.17,218.67,96.67,0.28,-1,-1,-1
345,114,834.67,265.33,222.67,107.33,0.23,-1,-1,-1
368,115,666.67,565.33,145.33,62.00,0.41,-1,-1,-1
389,116,470.00,192.67,90.00,56.00,0.40,-1,-1,-1
390,117,270.33,173.50,109.67,49.33,0.42,-1,-1,-1
391,118,147.17,153.50,83.67,46.67,0.41,-1,-1,-1
394,119,418.00,206.17,165.33,63.67,0.45,-1,-1,-1
394,120,0.00,199.00,74.17,61.33,0.41,-1,-1,-1
395,121,12.75,208.67,146.17,77.67,0.46,-1,-1,-1
395,122,245.50,186.67,135.83,60.00,0.45,-1,-1,-1
396,123,83.75,225.00,161.25,88.67,0.44,-1,-1,-1
397,124,151.17,244.00,183.67,93.67,0.46,-1,-1,-1
398,124,214.33,252.50,203.67,112.83,0.38,-1,-1,-1
399,124,267.17,264.17,213.50,117.17,0.35,-1,-1,-1
400,124,305.17,269.67,215.50,118.33,0.26,-1,-1,-1
401,124,312.50,281.67,250.17,120.67,0.22,-1,-1,-1
402,124,350.33,285.33,260.67,128.67,0.15,-1,-1,-1
403,124,438.00,294.33,242.67,144.67,0.19,-1,-1,-1
411,125,124.50,165.00,115.33,55.33,0.41,-1,-1,-1
415,126,471.67,214.50,175.33,71.00,0.42,-1,-1,-1
417,127,185.67,150.58,92.33,56.58,0.44,-1,-1,-1
431,128,220.33,309.67,166.33,72.00,0.46,-1,-1,-1
431,129,321.33,415.33,97.33,48.00,0.45,-1,-1,-1
438,130,0.00,186.17,168.67,103.00,0.44,-1,-1,-1
454,131,576.33,217.00,187.67,76.00,0.40,-1,-1,-1
455,132,360.00,202.33,160.67,66.67,0.47,-1,-1,-1
455,133,96.92,223.00,166.75,90.00,0.44,-1,-1,-1
474,134,182.50,283.50,99.67,54.00,0.40,-1,-1,-1
475,135,617.33,368.67,165.33,70.00,0.45,-1,-1,-1
489,136,212.50,159.25,105.00,52.25,0.41,-1,-1,-1
491,137,198.17,158.50,120.33,53.33,0.44,-1,-1,-1
492,137,237.67,166.08,122.67,55.75,0.35,-1,-1,-1
522,138,497.67,194.83,130.00,62.00,0.46,-1,-1,-1
523,139,300.33,176.00,110.67,51.33,0.40,-1,-1,-1
524,140,154.67,151.92,79.67,47.92,0.45,-1,-1,-1
528,141,962.67,223.83,185.33,74.33,0.43,-1,-1,-1
529,142,8.00,202.00,108.17,66.67,0.42,-1,-1,-1
530,143,115.83,228.83,157.33,71.00,0.46,-1,-1,-1
530,144,534.00,200.00,146.67,64.33,0.45,-1,-1,-1
532,145,219.33,162.67,92.33,49.67,0.42,-1,-1,-1
553,146,539.33,500.00,125.33,68.00,0.41,-1,-1,-1
578,147,312.17,549.33,64.17,52.00,0.45,-1,-1,-1
580,148,584.67,544.67,116.67,64.67,0.47,-1,-1,-1
580,149,681.67,503.33,92.33,59.33,0.42,-1,-1,-1
610,150,549.33,224.33,173.33,76.00,0.42,-1,-1,-1
612,151,90.50,154.67,95.33,61.67,0.42,-1,-1,-1
614,152,364.67,178.50,137.33,63.00,0.41,-1,-1,-1
615,153,849.33,227.00,190.67,83.00,0.40,-1,-1,-1
616,154,126.83,315.67,188.33,75.33,0.44,-1,-1,-1
617,155,246.17,164.00,111.50,56.00,0.40,-1,-1,-1
619,156,913.33,248.17,188.00,80.33,0.44,-1,-1,-1
620,157,537.33,203.83,140.00,62.33,0.42,-1,-1,-1
621,158,284.00,174.67,115.33,51.67,0.43,-1,-1,-1
629,159,302.83,478.33,91.83,48.00,0.43,-1,-1,-1
636,160,532.00,298.67,82.00,44.00,0.43,-1,-1,-1
638,161,1216.00,325.17,64.00,50.50,0.41,-1,-1,-1
662,162,423.67,190.00,140.00,62.00,0.42,-1,-1,-1
663,163,279.33,173.33,113.67,53.33,0.42,-1,-1,-1
679,164,579.67,197.67,139.67,75.67,0.42,-1,-1,-1
682,165,239.50,172.33,127.83,52.33,0.46,-1,-1,-1
684,166,550.33,228.83,173.00,81.67,0.43,-1,-1,-1
686,167,261.67,164.17,123.00,56.33,0.45,-1,-1,-1
693,168,300.00,167.33,111.33,60.67,0.41,-1,-1,-1
699,169,140.75,237.33,201.92,88.33,0.45,-1,-1,-1
707,170,10.54,211.33,159.79,81.67,0.42,-1,-1,-1
712,171,247.17,591.67,132.17,80.67,0.45,-1,-1,-1
713,172,25.75,220.50,179.25,89.00,0.47,-1,-1,-1
714,173,556.00,383.67,90.00,44.67,0.41,-1,-1,-1
721,174,700.00,188.67,60.00,61.67,0.40,-1,-1,-1
723,175,654.67,156.42,53.33,42.42,0.43,-1,-1,-1
724,176,627.00,143.00,47.33,37.17,0.44,-1,-1,-1
725,177,607.67,132.67,41.33,33.50,0.42,-1,-1,-1
725,178,1204.00,324.83,74.67,77.83,0.40,-1,-1,-1
726,179,699.33,334.67,164.00,114.67,0.43,-1,-1,-1
727,180,1090.67,666.67,173.33,53.33,0.44,-1,-1,-1
728,181,566.67,114.75,31.33,22.50,0.41,-1,-1,-1
729,182,884.67,286.00,150.67,99.67,0.40,-1,-1,-1
730,183,783.33,230.17,102.67,69.33,0.47,-1,-1,-1
730,184,624.33,230.67,99.67,67.67,0.43,-1,-1,-1
731,185,724.67,194.50,78.67,57.33,0.47,-1,-1,-1
732,186,684.00,171.17,61.33,48.00,0.44,-1,-1,-1
733,187,652.33,157.00,53.67,36.67,0.46,-1,-1,-1
758,188,796.00,232.50,124.00,75.33,0.44,-1,-1,-1
759,188,796.00,232.67,124.00,75.33,0.44,-1,-1,-1
760,188,641.67,152.58,53.67,39.08,0.36,-1,-1,-1
761,188,621.67,140.08,46.00,35.58,0.38,-1,-1,-1
762,188,598.33,128.75,35.33,28.00,0.37,-1,-1,-1
763,188,582.33,119.42,32.67,26.33,0.28,-1,-1,-1
764,188,570.33,109.17,29.33,26.33,0.19,-1,-1,-1
764,189,626.00,202.00,82.67,53.33,0.42,-1,-1,-1
765,188,559.33,105.83,27.33,21.50,0.12,-1,-1,-1
787,190,0.17,421.33,95.33,75.33,0.42,-1,-1,-1
792,191,732.67,196.50,80.00,62.67,0.45,-1,-1,-1
793,191,726.00,182.00,70.67,62.33,0.41,-1,-1,-1
794,191,699.33,161.83,70.67,61.00,0.30,-1,-1,-1
795,191,671.67,156.25,63.00,49.58,0.36,-1,-1,-1
796,191,647.67,143.50,56.33,45.00,0.21,-1,-1,-1
797,191,627.00,138.42,49.33,37.92,0.20,-1,-1,-1
798,191,614.67,130.75,43.33,36.33,0.38,-1,-1,-1
814,192,1092.67,392.33,102.67,34.00,0.40,-1,-1,-1
815,192,1091.33,393.67,106.67,34.67,0.36,-1,-1,-1
816,192,1092.00,394.67,102.67,34.67,0.34,-1,-1,-1
817,192,1091.33,391.00,108.00,38.00,0.27,-1,-1,-1
818,193,682.67,291.00,137.33,88.33,0.43,-1,-1,-1
819,194,636.67,223.50,87.33,68.33,0.46,-1,-1,-1
819,192,1091.33,391.00,108.00,38.00,0.31,-1,-1,-1
820,195,602.00,188.50,72.00,54.00,0.45,-1,-1,-1
821,196,896.00,305.00,189.33,120.67,0.40,-1,-1,-1
822,197,799.33,249.00,128.00,81.67,0.45,-1,-1,-1
823,198,735.33,210.83,92.00,61.00,0.44,-1,-1,-1
824,199,688.67,183.33,70.67,50.67,0.43,-1,-1,-1
825,200,655.00,165.42,55.00,39.25,0.48,-1,-1,-1
826,201,877.33,226.17,114.67,67.33,0.47,-1,-1,-1
827,202,784.00,186.17,76.00,48.67,0.42,-1,-1,-1
828,203,723.33,161.17,58.67,37.33,0.46,-1,-1,-1
846,204,631.67,231.00,101.00,69.33,0.41,-1,-1,-1
849,205,621.33,202.00,101.33,85.67,0.44,-1,-1,-1
853,206,696.67,197.67,78.67,55.33,0.43,-1,-1,-1
855,207,690.00,193.17,76.00,54.33,0.42,-1,-1,-1
857,208,624.00,148.42,46.00,33.25,0.44,-1,-1,-1
858,209,606.67,135.00,36.67,29.67,0.42,-1,-1,-1
863,210,619.33,204.33,84.00,64.67,0.45,-1,-1,-1
871,211,26.92,469.00,127.67,68.67,0.41,-1,-1,-1
872,212,469.00,374.00,88.67,64.00,0.41,-1,-1,-1
911,213,627.33,233.17,96.67,72.33,0.44,-1,-1,-1
912,214,593.00,198.83,76.67,58.67,0.47,-1,-1,-1
912,215,722.00,198.33,92.00,63.00,0.43,-1,-1,-1
945,216,732.67,212.33,106.67,62.67,0.44,-1,-1,-1
948,217,928.00,285.33,176.00,108.67,0.41,-1,-1,-1
1013,218,773.33,225.83,96.00,70.33,0.43,-1,-1,-1
1015,219,612.00,154.17,102.67,51.00,0.43,-1,-1,-1
1029,220,719.33,263.50,132.00,93.83,0.41,-1,-1,-1
1030,221,676.00,206.50,70.67,56.00,0.44,-1,-1,-1
1035,222,611.00,150.42,108.33,51.92,0.42,-1,-1,-1
1041,223,726.67,216.50,96.00,63.67,0.46,-1,-1,-1
1042,224,675.67,179.00,63.67,49.33,0.44,-1,-1,-1
1090,225,477.33,309.67,95.33,62.67,0.46,-1,-1,-1
1093,226,506.00,310.83,88.67,64.83,0.46,-1,-1,-1
1094,227,446.67,307.50,81.33,56.50,0.45,-1,-1,-1
1095,228,522.67,316.67,109.33,68.67,0.47,-1,-1,-1
1097,229,531.00,320.33,112.67,72.67,0.46,-1,-1,-1
1103,230,447.00,261.33,120.67,77.00,0.43,-1,-1,-1
1131,231,521.67,315.33,82.00,57.33,0.42,-1,-1,-1
1144,232,658.67,332.33,137.33,69.33,0.49,-1,-1,-1
1144,233,110.17,326.83,94.67,80.50,0.40,-1,-1,-1
1145,233,78.96,341.00,106.88,91.33,0.39,-1,-1,-1
1146,233,47.62,360.00,123.38,102.67,0.38,-1,-1,-1
1146,234,488.00,300.17,62.00,37.33,0.46,-1,-1,-1
1147,233,6.25,361.67,155.83,114.67,0.28,-1,-1,-1
1148,233,0.00,376.00,152.25,124.67,0.37,-1,-1,-1
1148,235,608.33,336.50,159.67,92.17,0.43,-1,-1,-1
1149,233,0.00,372.33,142.67,125.33,0.30,-1,-1,-1
1149,236,494.00,312.83,90.00,53.17,0.42,-1,-1,-1
1150,233,0.00,378.33,141.17,117.33,0.28,-1,-1,-1
1151,233,0.00,379.00,140.83,117.33,0.27,-1,-1,-1
1152,233,0.00,379.00,140.42,118.00,0.25,-1,-1,-1
1153,233,0.67,379.67,137.33,115.33,0.25,-1,-1,-1
1154,233,2.96,381.67,134.21,111.33,0.21,-1,-1,-1
1155,233,4.25,389.00,133.50,123.33,0.14,-1,-1,-1
1156,233,1.33,382.00,136.83,114.67,0.29,-1,-1,-1
1157,233,0.25,382.00,137.83,114.67,0.26,-1,-1,-1
1158,233,0.00,381.00,139.08,113.33,0.29,-1,-1,-1
1159,233,0.00,381.67,139.17,113.33,0.29,-1,-1,-1
1160,233,0.00,382.00,139.83,114.00,0.27,-1,-1,-1
1161,233,0.00,381.67,140.17,112.67,0.29,-1,-1,-1
1162,233,0.00,381.33,139.50,112.67,0.27,-1,-1,-1
1163,233,0.00,381.33,140.08,114.00,0.28,-1,-1,-1
1164,233,0.00,381.67,140.00,113.33,0.28,-1,-1,-1
1165,233,0.00,382.00,139.33,113.33,0.28,-1,-1,-1
1166,233,0.00,381.33,140.50,115.33,0.27,-1,-1,-1
1167,233,0.00,381.33,140.08,114.00,0.27,-1,-1,-1
1168,233,0.00,381.67,140.58,116.00,0.27,-1,-1,-1
1169,233,0.00,381.33,140.67,116.00,0.26,-1,-1,-1
1170,233,0.00,381.33,140.00,115.33,0.27,-1,-1,-1
1171,233,0.00,382.00,140.17,114.00,0.28,-1,-1,-1
1172,233,0.00,381.33,139.83,114.67,0.29,-1,-1,-1
1173,233,3.96,386.67,133.04,122.67,0.16,-1,-1,-1
1174,233,0.88,394.00,133.29,114.67,0.28,-1,-1,-1
1175,233,2.54,402.00,116.79,108.67,0.27,-1,-1,-1
1185,237,581.67,330.33,119.67,68.00,0.47,-1,-1,-1
1187,238,444.33,291.50,45.33,28.00,0.42,-1,-1,-1
1188,239,554.67,321.33,97.33,60.00,0.48,-1,-1,-1
1190,240,514.00,325.50,110.67,67.17,0.46,-1,-1,-1
1190,241,444.00,290.17,39.33,28.00,0.45,-1,-1,-1
1191,242,442.33,301.00,61.33,43.33,0.41,-1,-1,-1
1206,243,478.33,312.17,91.33,61.83,0.47,-1,-1,-1
1209,244,583.33,330.00,120.00,73.33,0.46,-1,-1,-1
1210,245,460.67,297.33,54.00,36.67,0.42,-1,-1,-1
1225,246,665.33,336.50,138.67,78.17,0.46,-1,-1,-1
1277,247,648.67,333.67,125.33,66.00,0.47,-1,-1,-1
1293,248,145.00,298.83,43.17,30.00,0.47,-1,-1,-1
1294,249,229.33,293.00,34.33,34.33,0.41,-1,-1,-1
1312,250,508.67,333.83,136.67,82.17,0.46,-1,-1,-1
1314,251,389.33,292.17,41.33,28.33,0.46,-1,-1,-1
1346,252,912.00,390.00,194.67,106.00,0.43,-1,-1,-1
1347,253,651.33,324.33,108.00,73.33,0.45,-1,-1,-1
1365,254,552.67,342.67,141.33,84.67,0.46,-1,-1,-1
1366,255,461.00,305.67,67.33,51.67,0.44,-1,-1,-1
1367,256,414.67,293.67,43.33,34.33,0.45,-1,-1,-1
1369,257,590.00,331.50,118.67,69.17,0.46,-1,-1,-1
1375,258,579.33,321.50,106.67,59.83,0.44,-1,-1,-1
1392,259,476.00,295.67,46.00,33.33,0.45,-1,-1,-1
1412,260,553.67,338.67,155.67,102.67,0.42,-1,-1,-1
1455,261,516.33,76.46,132.67,61.88,0.41,-1,-1,-1
1456,261,514.00,61.92,140.00,78.83,0.38,-1,-1,-1
1457,261,513.00,75.58,135.33,62.50,0.35,-1,-1,-1
1458,261,513.33,76.42,134.67,61.50,0.36,-1,-1,-1
1459,261,513.33,77.25,134.67,60.83,0.35,-1,-1,-1
1460,261,512.33,50.62,143.33,88.38,0.15,-1,-1,-1
1461,261,512.00,50.88,144.00,88.29,0.17,-1,-1,-1
1462,261,512.00,50.88,144.00,88.29,0.16,-1,-1,-1
1463,261,512.00,51.08,144.00,88.17,0.16,-1,-1,-1
1464,261,512.00,50.79,144.00,88.38,0.16,-1,-1,-1
1465,261,511.67,49.62,144.67,89.38,0.18,-1,-1,-1
1466,261,512.00,49.54,144.00,89.62,0.18,-1,-1,-1
1467,261,512.00,49.88,144.00,89.29,0.18,-1,-1,-1
1468,261,512.33,49.88,144.00,89.62,0.19,-1,-1,-1
1469,261,512.33,49.88,144.00,89.62,0.19,-1,-1,-1
1470,261,512.33,50.04,144.00,89.62,0.20,-1,-1,-1
1471,261,512.33,49.92,144.00,89.67,0.20,-1,-1,-1
1472,261,512.33,49.75,144.00,89.83,0.20,-1,-1,-1
1473,261,512.33,49.75,144.00,89.83,0.20,-1,-1,-1
1474,261,512.67,48.71,144.00,90.96,0.20,-1,-1,-1
1475,261,507.33,66.17,142.00,83.33,0.13,-1,-1,-1
1480,262,830.00,312.17,66.67,42.17,0.45,-1,-1,-1
1484,263,810.67,90.83,53.33,44.00,0.44,-1,-1,-1
1490,264,828.67,312.00,66.67,43.00,0.41,-1,-1,-1
1491,264,828.67,312.33,68.00,42.33,0.42,-1,-1,-1
1492,264,828.67,312.17,68.00,42.50,0.42,-1,-1,-1
1493,264,828.67,312.17,68.00,42.83,0.41,-1,-1,-1
1494,264,828.00,312.50,68.00,42.17,0.40,-1,-1,-1
1495,264,828.00,312.50,68.00,42.17,0.40,-1,-1,-1
1496,264,828.00,312.50,68.00,42.50,0.40,-1,-1,-1
1497,264,830.00,311.83,64.00,40.83,0.19,-1,-1,-1
1498,264,830.00,312.67,64.00,38.33,0.12,-1,-1,-1
1499,264,829.33,311.00,65.33,42.33,0.29,-1,-1,-1
1500,264,828.67,311.00,66.67,43.33,0.37,-1,-1,-1
1501,264,828.00,310.67,65.33,42.67,0.32,-1,-1,-1
1503,264,828.00,310.67,65.33,42.67,0.32,-1,-1,-1
1504,264,828.67,311.67,66.67,43.33,0.39,-1,-1,-1
1505,264,828.67,312.33,66.67,42.33,0.39,-1,-1,-1
1506,264,828.67,312.17,66.67,42.50,0.38,-1,-1,-1
1507,264,828.00,310.83,66.67,43.17,0.40,-1,-1,-1
1508,264,828.67,311.33,65.33,41.67,0.32,-1,-1,-1
1509,264,828.67,310.50,65.33,43.83,0.38,-1,-1,-1
1510,264,828.00,312.50,66.67,41.50,0.30,-1,-1,-1
1511,264,827.33,312.33,66.67,41.33,0.23,-1,-1,-1
1512,264,828.00,312.33,65.33,41.33,0.22,-1,-1,-1
1513,264,827.33,312.17,66.67,41.83,0.32,-1,-1,-1
1514,264,827.33,311.17,66.67,43.17,0.27,-1,-1,-1
1515,264,828.00,311.67,66.67,43.00,0.31,-1,-1,-1
1515,265,962.00,234.00,142.67,102.00,0.45,-1,-1,-1
1516,264,828.00,310.83,66.67,44.17,0.29,-1,-1,-1
1517,264,828.00,312.00,66.67,42.67,0.37,-1,-1,-1
1518,264,828.00,312.00,66.67,43.33,0.32,-1,-1,-1
1519,264,828.00,312.33,68.00,43.33,0.37,-1,-1,-1
1520,264,828.00,312.17,68.00,42.83,0.40,-1,-1,-1
1521,264,828.00,312.17,65.33,42.17,0.14,-1,-1,-1
1522,264,828.67,313.50,69.33,41.83,0.32,-1,-1,-1
1523,264,827.33,311.83,68.00,44.50,0.30,-1,-1,-1
1524,264,828.67,311.67,68.00,43.67,0.39,-1,-1,-1
1525,264,829.33,312.00,66.67,44.33,0.35,-1,-1,-1
1526,264,829.33,311.50,66.67,42.50,0.34,-1,-1,-1
1527,264,828.00,311.50,66.67,42.50,0.39,-1,-1,-1
1528,264,828.67,311.67,66.67,41.67,0.38,-1,-1,-1
1529,264,828.67,311.83,66.67,41.50,0.37,-1,-1,-1
1530,264,828.67,311.00,65.33,42.33,0.35,-1,-1,-1
1531,264,828.67,311.00,65.33,42.33,0.35,-1,-1,-1
1532,264,828.67,311.00,65.33,42.33,0.34,-1,-1,-1
1533,264,828.67,311.00,65.33,42.33,0.34,-1,-1,-1
1534,264,828.67,311.00,65.33,42.33,0.34,-1,-1,-1
1535,264,828.67,311.17,65.33,42.50,0.35,-1,-1,-1
1536,264,828.00,310.83,65.33,42.50,0.33,-1,-1,-1
1537,264,828.67,311.00,65.33,42.67,0.38,-1,-1,-1
1538,264,828.67,311.17,65.33,42.83,0.38,-1,-1,-1
1539,264,829.33,311.17,65.33,42.83,0.38,-1,-1,-1
1540,264,829.33,311.17,65.33,42.83,0.38,-1,-1,-1
1541,264,829.33,311.17,65.33,42.83,0.38,-1,-1,-1
1542,264,829.33,311.17,65.33,42.83,0.38,-1,-1,-1
1543,264,828.67,311.00,65.33,43.00,0.37,-1,-1,-1
1544,264,828.67,310.17,65.33,42.17,0.35,-1,-1,-1
1545,264,828.67,310.33,65.33,42.00,0.34,-1,-1,-1
1546,264,828.67,310.33,65.33,41.67,0.35,-1,-1,-1
1547,264,828.67,310.17,65.33,42.17,0.33,-1,-1,-1
1548,264,828.67,310.17,65.33,42.17,0.34,-1,-1,-1
1549,264,828.67,310.33,65.33,42.00,0.35,-1,-1,-1
1550,264,828.67,311.33,65.33,40.67,0.35,-1,-1,-1
1551,264,828.67,311.50,65.33,40.83,0.36,-1,-1,-1
1552,264,828.67,311.67,65.33,41.33,0.32,-1,-1,-1
1553,264,828.67,311.33,65.33,41.67,0.34,-1,-1,-1
1554,264,828.00,312.50,64.00,41.50,0.24,-1,-1,-1
1555,264,828.00,312.17,64.00,42.50,0.22,-1,-1,-1
1556,264,828.00,312.17,64.00,43.17,0.20,-1,-1,-1
1557,264,828.00,311.33,65.33,44.67,0.34,-1,-1,-1
1558,264,827.33,311.33,66.67,44.67,0.36,-1,-1,-1
1559,264,827.33,311.50,66.67,44.50,0.36,-1,-1,-1
1560,264,827.33,311.33,66.67,44.67,0.37,-1,-1,-1
1561,264,827.33,311.17,66.67,44.83,0.39,-1,-1,-1
1562,264,827.33,311.00,66.67,45.00,0.39,-1,-1,-1
1563,264,827.33,311.00,66.67,45.00,0.38,-1,-1,-1
1564,264,827.33,311.17,66.67,44.83,0.38,-1,-1,-1
1565,264,827.33,311.17,66.67,44.83,0.39,-1,-1,-1
1566,264,827.33,311.00,66.67,44.67,0.39,-1,-1,-1
1567,264,828.00,311.83,66.67,42.17,0.37,-1,-1,-1
1568,264,828.67,312.00,66.67,42.00,0.35,-1,-1,-1
1572,264,828.67,312.00,66.67,42.00,0.34,-1,-1,-1
1573,264,827.33,310.83,66.67,42.50,0.32,-1,-1,-1
1573,266,931.33,175.17,86.67,56.33,0.41,-1,-1,-1
1574,264,828.67,311.50,66.67,42.17,0.36,-1,-1,-1
1575,264,828.67,311.83,66.67,41.83,0.35,-1,-1,-1
1575,267,827.33,42.88,105.33,98.79,0.41,-1,-1,-1
1576,264,828.67,312.00,66.67,42.00,0.32,-1,-1,-1
1577,264,828.67,311.33,65.33,41.67,0.26,-1,-1,-1
1578,264,828.67,311.17,65.33,41.50,0.25,-1,-1,-1
1579,264,828.00,311.50,66.67,41.83,0.25,-1,-1,-1
1580,264,828.67,311.33,65.33,41.67,0.30,-1,-1,-1
1581,264,828.67,313.83,68.00,36.17,0.20,-1,-1,-1
1582,264,828.00,312.33,68.00,44.33,0.18,-1,-1,-1
1583,264,828.67,311.50,68.00,42.50,0.39,-1,-1,-1
1584,264,827.33,311.33,66.67,42.33,0.33,-1,-1,-1
1585,264,827.33,311.50,66.67,41.83,0.34,-1,-1,-1
1586,264,828.67,311.67,65.33,40.67,0.21,-1,-1,-1
1587,264,829.33,311.67,64.00,42.00,0.27,-1,-1,-1
1588,264,828.67,312.17,65.33,40.83,0.37,-1,-1,-1
1589,264,828.00,311.67,68.00,42.67,0.42,-1,-1,-1
1590,264,828.67,311.67,66.67,41.67,0.36,-1,-1,-1
1590,268,950.67,202.33,101.33,76.67,0.45,-1,-1,-1
1591,264,828.00,311.00,68.00,43.00,0.38,-1,-1,-1
1592,264,829.33,311.50,61.33,39.17,0.13,-1,-1,-1
1593,264,828.00,310.00,64.00,44.33,0.10,-1,-1,-1
1593,269,820.67,209.17,92.00,94.67,0.43,-1,-1,-1
1594,264,828.00,312.00,66.67,43.00,0.33,-1,-1,-1
1595,264,828.00,312.17,66.67,42.17,0.31,-1,-1,-1
1596,264,828.67,312.17,66.67,42.17,0.32,-1,-1,-1
1597,264,828.00,312.50,66.67,41.83,0.36,-1,-1,-1
1598,264,829.33,313.00,66.67,42.00,0.36,-1,-1,-1
1599,264,828.00,312.83,68.00,41.50,0.40,-1,-1,-1
1600,264,828.67,312.50,66.67,39.50,0.37,-1,-1,-1
1601,264,828.67,312.67,66.67,39.67,0.38,-1,-1,-1
1602,264,828.67,312.50,66.67,39.83,0.37,-1,-1,-1
1603,264,828.67,312.50,66.67,39.83,0.37,-1,-1,-1
1604,264,828.67,312.67,66.67,39.67,0.37,-1,-1,-1
1605,264,828.67,312.67,66.67,39.67,0.36,-1,-1,-1
1606,264,828.67,312.33,66.67,40.00,0.37,-1,-1,-1
1607,264,828.67,312.33,66.67,40.00,0.36,-1,-1,-1
1608,264,828.67,312.50,66.67,39.83,0.35,-1,-1,-1
1609,264,828.00,312.67,65.33,38.67,0.20,-1,-1,-1
1610,264,828.00,311.00,66.67,44.33,0.25,-1,-1,-1
1611,264,828.00,312.00,68.00,43.00,0.40,-1,-1,-1
1612,264,828.00,312.33,68.00,42.33,0.42,-1,-1,-1
1613,264,828.67,312.00,66.67,42.67,0.41,-1,-1,-1
1614,264,828.67,311.00,66.67,42.67,0.42,-1,-1,-1
1615,264,828.67,311.00,66.67,42.67,0.42,-1,-1,-1
1616,264,828.67,311.00,66.67,42.67,0.42,-1,-1,-1
1617,264,828.67,311.17,66.67,41.83,0.38,-1,-1,-1
1618,264,827.33,311.00,66.67,42.00,0.39,-1,-1,-1
1620,270,824.00,227.33,104.00,106.00,0.40,-1,-1,-1
1621,264,827.33,311.00,66.67,42.00,0.38,-1,-1,-1
1622,264,827.33,311.83,70.67,46.17,0.39,-1,-1,-1
1623,264,828.67,311.83,69.33,44.83,0.43,-1,-1,-1
1624,264,828.67,311.33,68.00,43.00,0.43,-1,-1,-1
1625,264,828.67,311.17,66.67,42.50,0.42,-1,-1,-1
1626,264,828.67,311.00,66.67,43.00,0.41,-1,-1,-1
1627,264,828.67,310.83,66.67,44.17,0.40,-1,-1,-1
1628,264,828.67,310.83,66.67,43.83,0.40,-1,-1,-1
1629,264,828.67,310.83,66.67,44.17,0.39,-1,-1,-1
1630,264,828.67,311.17,66.67,42.50,0.38,-1,-1,-1
1631,264,828.67,311.00,66.67,42.67,0.38,-1,-1,-1
1632,264,828.67,311.00,66.67,42.67,0.38,-1,-1,-1
1633,264,828.67,311.00,65.33,42.33,0.36,-1,-1,-1
1634,264,828.00,311.17,66.67,42.50,0.35,-1,-1,-1
1635,264,828.00,311.00,66.67,42.67,0.35,-1,-1,-1
1636,264,828.00,311.00,66.67,42.67,0.35,-1,-1,-1
1637,264,828.67,310.67,65.33,43.33,0.35,-1,-1,-1
1638,264,828.67,310.67,65.33,43.00,0.33,-1,-1,-1
1639,264,828.67,310.67,65.33,43.00,0.33,-1,-1,-1
1640,264,828.67,310.67,65.33,43.00,0.34,-1,-1,-1
1641,264,828.67,310.67,65.33,43.00,0.34,-1,-1,-1
1642,264,828.67,310.67,65.33,43.00,0.33,-1,-1,-1
1643,264,828.67,310.67,65.33,43.00,0.33,-1,-1,-1
1644,264,828.00,311.00,66.67,44.00,0.36,-1,-1,-1
1645,264,828.00,311.00,66.67,44.00,0.38,-1,-1,-1
1646,264,828.67,311.00,65.33,44.00,0.38,-1,-1,-1
1647,264,828.00,311.33,66.67,42.67,0.36,-1,-1,-1
1648,264,828.00,311.17,66.67,42.50,0.35,-1,-1,-1
1649,264,828.00,311.33,66.67,42.33,0.33,-1,-1,-1
1650,264,829.33,311.33,65.33,42.67,0.33,-1,-1,-1
1651,264,829.33,311.17,65.33,42.83,0.33,-1,-1,-1
1652,264,829.33,311.50,66.67,41.83,0.32,-1,-1,-1
1653,264,829.33,311.67,65.33,41.67,0.34,-1,-1,-1
1654,264,828.00,310.50,65.33,43.83,0.36,-1,-1,-1
1655,264,828.00,310.50,65.33,44.17,0.35,-1,-1,-1
1656,264,828.00,310.33,65.33,44.00,0.35,-1,-1,-1
1657,264,828.00,311.83,66.67,42.17,0.37,-1,-1,-1
1658,264,828.00,311.67,66.67,42.33,0.37,-1,-1,-1
1659,264,828.00,311.83,66.67,42.50,0.38,-1,-1,-1
1660,264,828.67,311.33,65.33,43.00,0.41,-1,-1,-1
1661,264,828.00,311.67,68.00,42.33,0.40,-1,-1,-1
1662,264,828.67,311.33,66.67,42.33,0.40,-1,-1,-1
1663,264,828.67,311.83,66.67,41.83,0.40,-1,-1,-1
1664,264,828.67,310.83,66.67,43.17,0.40,-1,-1,-1
1665,264,828.67,311.50,66.67,42.83,0.40,-1,-1,-1
1666,264,828.67,311.33,66.67,42.67,0.40,-1,-1,-1
1667,264,828.00,310.83,66.67,42.17,0.31,-1,-1,-1
1668,264,828.67,311.83,66.67,40.83,0.35,-1,-1,-1
1669,264,828.67,310.83,65.33,41.83,0.33,-1,-1,-1
1670,264,829.33,311.83,65.33,41.17,0.30,-1,-1,-1
1671,264,828.67,312.00,65.33,41.67,0.29,-1,-1,-1
1672,264,828.67,312.17,65.33,40.83,0.23,-1,-1,-1
1673,264,830.00,313.00,64.00,38.67,0.16,-1,-1,-1
1674,264,829.33,311.67,65.33,42.00,0.26,-1,-1,-1
1675,264,829.33,311.67,65.33,42.00,0.26,-1,-1,-1
1676,264,828.67,311.83,65.33,41.83,0.26,-1,-1,-1
1677,264,828.67,311.67,66.67,41.33,0.30,-1,-1,-1
1678,264,828.67,311.83,65.33,41.17,0.31,-1,-1,-1
1679,264,828.00,311.67,66.67,42.00,0.35,-1,-1,-1
1680,264,828.67,310.83,66.67,44.50,0.42,-1,-1,-1
1681,264,828.67,310.50,66.67,44.83,0.42,-1,-1,-1
1682,264,828.67,310.50,66.67,44.83,0.42,-1,-1,-1
1683,264,828.67,310.67,66.67,44.00,0.42,-1,-1,-1
1684,264,828.67,312.17,66.67,40.83,0.36,-1,-1,-1
1685,264,828.00,311.67,66.67,41.67,0.37,-1,-1,-1
1686,264,828.00,311.33,66.67,43.33,0.39,-1,-1,-1
1688,271,813.33,148.25,73.33,62.42,0.45,-1,-1,-1
1689,264,828.00,311.33,66.67,43.33,0.34,-1,-1,-1
1690,264,827.33,311.83,68.00,44.17,0.43,-1,-1,-1
1691,264,827.33,312.33,68.00,42.00,0.37,-1,-1,-1
1692,264,827.33,311.83,68.00,43.50,0.42,-1,-1,-1
1693,264,827.33,311.50,68.00,43.83,0.43,-1,-1,-1
1694,264,827.33,311.50,65.33,41.50,0.28,-1,-1,-1
1695,264,827.33,311.67,65.33,41.33,0.28,-1,-1,-1
1696,264,828.00,311.50,64.00,41.17,0.22,-1,-1,-1
1697,264,829.33,311.00,65.33,43.00,0.39,-1,-1,-1
1698,264,829.33,311.00,65.33,43.00,0.39,-1,-1,-1
1699,264,828.00,310.83,66.67,43.17,0.36,-1,-1,-1
1700,264,828.00,311.67,66.67,42.67,0.35,-1,-1,-1
1701,264,828.00,311.67,66.67,42.67,0.34,-1,-1,-1
1702,264,828.00,311.33,66.67,42.67,0.34,-1,-1,-1
1703,264,828.67,312.00,66.67,43.33,0.37,-1,-1,-1
1704,264,828.67,311.50,65.33,40.50,0.35,-1,-1,-1
1705,264,828.67,311.50,65.33,40.50,0.36,-1,-1,-1
1706,264,828.00,311.67,66.67,40.33,0.36,-1,-1,-1
1707,264,829.33,311.00,65.33,42.33,0.38,-1,-1,-1
1708,264,829.33,311.00,65.33,42.33,0.37,-1,-1,-1
1709,264,829.33,311.00,65.33,42.33,0.37,-1,-1,-1
1710,264,829.33,310.83,65.33,42.50,0.37,-1,-1,-1
1711,264,829.33,311.17,65.33,42.50,0.38,-1,-1,-1
1712,264,829.33,311.00,65.33,42.67,0.38,-1,-1,-1
1713,264,828.67,311.33,65.33,42.00,0.32,-1,-1,-1
1714,264,828.67,312.00,65.33,42.33,0.31,-1,-1,-1
1715,264,828.67,312.17,66.67,42.50,0.32,-1,-1,-1
1716,264,829.33,312.50,65.33,41.50,0.16,-1,-1,-1
1717,264,828.67,311.00,65.33,41.67,0.24,-1,-1,-1
1718,264,828.67,310.83,65.33,41.83,0.25,-1,-1,-1
1719,264,828.67,311.00,65.33,41.67,0.25,-1,-1,-1
1720,264,829.33,311.17,65.33,42.50,0.31,-1,-1,-1
1721,264,828.67,311.00,65.33,42.67,0.30,-1,-1,-1
1722,264,829.33,311.33,65.33,42.33,0.31,-1,-1,-1
1723,264,828.67,311.33,65.33,42.33,0.31,-1,-1,-1
1724,264,828.67,310.83,65.33,41.50,0.31,-1,-1,-1
1725,264,828.00,311.17,66.67,42.50,0.31,-1,-1,-1
1726,264,827.33,311.17,68.00,42.50,0.37,-1,-1,-1
1727,264,828.00,311.83,65.33,43.17,0.30,-1,-1,-1
1728,264,828.00,311.67,65.33,43.33,0.29,-1,-1,-1
1729,264,827.33,311.83,66.67,43.50,0.32,-1,-1,-1
1730,264,828.67,311.00,66.67,44.33,0.37,-1,-1,-1
1731,264,828.67,311.50,66.67,43.50,0.32,-1,-1,-1
1732,264,828.00,311.83,68.00,44.17,0.33,-1,-1,-1
1733,264,828.00,312.17,68.00,43.83,0.32,-1,-1,-1
1734,264,827.33,311.67,68.00,43.00,0.40,-1,-1,-1
1735,264,827.33,311.83,68.00,42.83,0.40,-1,-1,-1
1736,264,827.33,312.00,68.00,43.00,0.41,-1,-1,-1
1736,272,522.67,88.50,70.00,61.50,0.42,-1,-1,-1
1737,264,826.67,310.17,68.00,46.17,0.34,-1,-1,-1
1737,272,516.00,91.17,74.67,61.33,0.36,-1,-1,-1
1738,264,827.33,310.67,68.00,45.67,0.32,-1,-1,-1
1738,272,511.00,91.33,73.33,65.00,0.29,-1,-1,-1
1739,264,827.33,310.00,66.67,47.00,0.24,-1,-1,-1
1740,264,826.67,312.83,68.00,40.83,0.29,-1,-1,-1
1741,264,827.33,312.83,66.67,40.50,0.23,-1,-1,-1
1742,264,827.33,312.67,66.67,40.67,0.24,-1,-1,-1
1743,264,827.33,312.67,66.67,40.67,0.23,-1,-1,-1
1744,264,827.33,312.33,66.67,41.33,0.25,-1,-1,-1
1745,264,826.67,312.33,68.00,41.33,0.25,-1,-1,-1
1745,272,511.00,91.33,73.33,65.00,0.35,-1,-1,-1
1746,264,826.67,312.33,68.00,40.67,0.32,-1,-1,-1
1746,272,502.33,94.50,71.33,69.17,0.39,-1,-1,-1
1747,264,827.33,310.83,68.00,43.83,0.34,-1,-1,-1
1747,272,503.67,92.33,71.33,71.67,0.28,-1,-1,-1
1748,264,827.33,310.67,68.00,44.00,0.35,-1,-1,-1
1748,272,503.67,92.00,71.33,72.17,0.26,-1,-1,-1
1749,264,827.33,310.67,68.00,44.33,0.34,-1,-1,-1
1749,272,502.33,91.67,70.67,74.33,0.28,-1,-1,-1
1750,264,827.33,311.83,68.00,44.50,0.33,-1,-1,-1
1750,272,492.67,88.00,82.00,85.50,0.24,-1,-1,-1
1751,264,826.00,311.50,69.33,43.83,0.29,-1,-1,-1
1751,272,482.67,88.25,86.00,89.75,0.20,-1,-1,-1
1752,264,826.67,310.83,69.33,46.50,0.40,-1,-1,-1
1752,272,468.00,92.83,83.33,94.00,0.15,-1,-1,-1
1753,264,826.67,310.83,68.00,46.17,0.41,-1,-1,-1
1753,272,432.00,105.50,103.33,94.33,0.13,-1,-1,-1
1754,264,828.00,312.17,66.67,42.50,0.37,-1,-1,-1
1754,272,362.00,136.00,144.00,100.33,0.16,-1,-1,-1
1754,273,993.33,225.50,118.67,77.67,0.45,-1,-1,-1
1755,272,270.67,180.50,163.33,119.33,0.19,-1,-1,-1
1755,274,930.00,152.67,89.33,73.67,0.44,-1,-1,-1
1755,275,829.33,240.67,121.33,97.67,0.41,-1,-1,-1
1756,276,819.33,186.17,90.67,58.67,0.43,-1,-1,-1
1757,277,813.33,134.50,66.67,58.50,0.41,-1,-1,-1
1757,264,828.00,312.17,66.67,42.50,0.31,-1,-1,-1
1758,264,828.67,311.17,66.67,42.50,0.35,-1,-1,-1
1759,264,828.00,311.33,66.67,42.67,0.36,-1,-1,-1
1760,264,828.67,311.33,66.67,42.67,0.39,-1,-1,-1
1761,264,828.67,311.50,66.67,42.50,0.36,-1,-1,-1
1762,264,828.67,311.50,66.67,42.50,0.36,-1,-1,-1
1763,264,828.67,311.67,66.67,42.33,0.37,-1,-1,-1
1764,264,829.33,312.17,65.33,41.83,0.38,-1,-1,-1
1765,264,829.33,312.00,65.33,42.00,0.37,-1,-1,-1
1766,264,828.67,312.00,65.33,42.00,0.35,-1,-1,-1
1767,264,828.67,311.17,65.33,41.50,0.24,-1,-1,-1
1768,264,828.00,311.50,68.00,42.17,0.44,-1,-1,-1
1768,278,913.33,186.17,93.33,66.33,0.44,-1,-1,-1
1769,264,828.00,311.83,68.00,41.83,0.39,-1,-1,-1
1770,264,828.67,312.00,68.00,42.00,0.43,-1,-1,-1
1771,264,828.67,311.83,68.00,42.17,0.43,-1,-1,-1
1772,264,828.67,311.83,68.00,42.17,0.43,-1,-1,-1
1773,264,828.67,311.83,68.00,42.17,0.43,-1,-1,-1
1774,264,828.67,312.33,65.33,41.67,0.25,-1,-1,-1
1776,264,828.67,312.33,65.33,41.67,0.35,-1,-1,-1
1777,264,828.00,311.17,66.67,43.17,0.38,-1,-1,-1
1778,264,828.00,311.00,66.67,43.00,0.39,-1,-1,-1
1779,264,830.67,312.33,64.00,41.33,0.29,-1,-1,-1
1782,264,830.67,312.33,64.00,41.33,0.39,-1,-1,-1
1783,264,828.67,311.83,69.33,42.50,0.44,-1,-1,-1
1784,264,829.33,311.83,66.67,42.50,0.38,-1,-1,-1
1785,264,829.33,311.67,66.67,42.67,0.37,-1,-1,-1
1786,264,829.33,311.67,66.67,42.67,0.37,-1,-1,-1
1787,264,828.67,310.67,65.33,43.33,0.37,-1,-1,-1
1788,264,828.67,310.67,65.33,43.33,0.37,-1,-1,-1
1789,264,828.67,310.33,65.33,44.00,0.37,-1,-1,-1
1790,264,828.67,310.00,65.33,44.33,0.36,-1,-1,-1
1791,264,828.67,310.17,65.33,44.17,0.34,-1,-1,-1
1792,264,829.33,311.33,64.00,40.67,0.27,-1,-1,-1
1793,264,828.67,310.50,65.33,44.17,0.34,-1,-1,-1
1794,264,830.00,311.50,62.67,40.50,0.12,-1,-1,-1
1795,264,829.33,311.33,62.67,40.33,0.14,-1,-1,-1
1796,264,829.33,311.17,62.67,40.50,0.11,-1,-1,-1
1797,264,828.67,311.67,65.33,41.00,0.35,-1,-1,-1
1798,264,828.00,311.83,66.67,40.83,0.36,-1,-1,-1
1799,264,828.00,311.83,66.67,40.83,0.36,-1,-1,-1
1800,264,828.00,311.50,65.33,41.83,0.29,-1,-1,-1
1801,279,1117.33,6.33,130.67,91.83,0.40,-1,-1,-1
1802,279,1118.00,5.58,129.33,92.92,0.40,-1,-1,-1
1803,279,1118.00,6.00,130.67,92.33,0.38,-1,-1,-1
1804,279,1115.33,5.79,133.33,92.38,0.40,-1,-1,-1
1805,279,1115.33,5.58,132.00,92.50,0.43,-1,-1,-1
1806,279,1116.00,6.62,132.00,91.54,0.43,-1,-1,-1
1807,279,1116.00,8.33,132.00,89.50,0.43,-1,-1,-1
1808,279,1116.00,7.79,133.33,90.04,0.43,-1,-1,-1
1809,279,1111.33,6.50,137.33,91.00,0.40,-1,-1,-1
1810,279,1112.67,6.67,136.00,91.00,0.41,-1,-1,-1
1811,279,1116.00,4.92,130.67,92.92,0.35,-1,-1,-1
1812,279,1115.33,3.88,130.67,93.96,0.37,-1,-1,-1
1813,279,1112.67,3.29,134.67,94.54,0.36,-1,-1,-1
1814,279,1112.67,4.71,134.67,93.12,0.39,-1,-1,-1
1815,279,1113.33,5.75,133.33,92.33,0.41,-1,-1,-1
1816,279,1112.67,7.79,136.00,90.04,0.41,-1,-1,-1
1817,279,1113.33,7.42,134.67,90.58,0.41,-1,-1,-1
1818,279,1111.33,6.00,137.33,91.75,0.42,-1,-1,-1
1819,279,1110.67,6.25,138.67,92.17,0.39,-1,-1,-1
1820,279,1110.00,9.38,140.00,89.46,0.39,-1,-1,-1
1821,279,1110.67,8.71,140.00,90.12,0.34,-1,-1,-1
1822,279,1111.33,8.71,138.67,90.12,0.35,-1,-1,-1
1823,279,1110.67,8.58,140.00,89.92,0.28,-1,-1,-1
1824,279,1110.67,8.33,140.00,90.25,0.28,-1,-1,-1
1825,279,1110.67,7.88,138.67,90.79,0.34,-1,-1,-1
1826,279,1109.33,8.12,141.33,90.38,0.28,-1,-1,-1
1827,279,1110.67,8.54,140.00,89.96,0.32,-1,-1,-1
1828,279,1110.67,8.08,140.00,90.42,0.29,-1,-1,-1
1829,279,1111.33,16.21,138.67,82.12,0.27,-1,-1,-1
1830,279,1113.33,15.21,136.00,85.46,0.32,-1,-1,-1
1831,279,1112.00,8.04,137.33,89.96,0.33,-1,-1,-1
1832,279,1112.00,9.12,137.33,89.38,0.33,-1,-1,-1
1833,279,1111.33,8.79,138.67,89.38,0.29,-1,-1,-1
1834,279,1112.00,8.79,138.67,89.38,0.31,-1,-1,-1
1835,279,1112.00,8.62,137.33,90.21,0.35,-1,-1,-1
1836,279,1124.67,9.71,125.33,88.29,0.29,-1,-1,-1
1837,279,1122.67,8.62,126.67,88.88,0.20,-1,-1,-1
1838,279,1123.33,7.96,126.67,89.54,0.21,-1,-1,-1
1839,279,1122.00,7.88,128.00,90.12,0.20,-1,-1,-1
1840,279,1122.00,7.88,128.00,89.96,0.18,-1,-1,-1
1841,279,1121.33,10.54,128.00,86.96,0.29,-1,-1,-1
1842,279,1122.00,9.92,126.67,87.58,0.31,-1,-1,-1
1843,279,1120.00,15.79,129.33,82.88,0.26,-1,-1,-1
1844,279,1120.67,15.06,129.33,83.69,0.28,-1,-1,-1
1845,279,1120.67,10.04,128.00,87.63,0.32,-1,-1,-1
1846,279,1120.00,14.90,129.33,83.69,0.28,-1,-1,-1
1847,279,1120.00,10.54,129.33,86.96,0.29,-1,-1,-1
1847,280,314.33,163.42,65.33,56.25,0.44,-1,-1,-1
1848,279,1120.67,8.38,129.33,89.46,0.29,-1,-1,-1
1849,279,1118.67,10.21,130.67,87.29,0.30,-1,-1,-1
1850,279,1118.67,10.12,130.67,87.71,0.30,-1,-1,-1
1851,279,1118.00,7.46,132.00,90.54,0.29,-1,-1,-1
1852,279,1118.67,6.42,130.67,91.67,0.31,-1,-1,-1
1853,279,1117.33,6.42,133.33,91.67,0.33,-1,-1,-1
1854,279,1116.00,4.92,133.33,92.92,0.35,-1,-1,-1
1855,279,1116.00,4.71,133.33,93.46,0.37,-1,-1,-1
1856,279,1115.33,4.88,134.67,92.96,0.34,-1,-1,-1
1857,279,1116.00,4.67,133.33,93.33,0.36,-1,-1,-1
1858,279,1115.33,3.58,133.33,94.25,0.38,-1,-1,-1
1859,279,1114.67,4.54,134.67,93.63,0.38,-1,-1,-1
1860,279,1114.67,4.54,134.67,93.46,0.37,-1,-1,-1
1861,279,1112.67,3.79,136.00,94.21,0.40,-1,-1,-1
1862,279,1112.00,3.58,136.00,93.50,0.42,-1,-1,-1
1863,279,1112.00,3.54,137.33,94.29,0.41,-1,-1,-1
1864,279,1112.00,5.17,137.33,92.50,0.41,-1,-1,-1
1865,279,1115.33,6.00,132.00,90.83,0.43,-1,-1,-1
1866,279,1113.33,4.79,136.00,92.04,0.41,-1,-1,-1
1867,279,1113.33,6.50,136.00,90.25,0.40,-1,-1,-1
1868,279,1113.33,5.08,136.00,92.00,0.40,-1,-1,-1
1869,279,1113.33,4.50,136.00,93.33,0.39,-1,-1,-1
1870,279,1113.33,4.42,136.00,93.58,0.41,-1,-1,-1
1871,279,1112.67,3.83,136.00,94.00,0.41,-1,-1,-1
1872,279,1112.67,4.00,134.67,93.17,0.41,-1,-1,-1
1873,279,1110.67,3.62,138.67,94.04,0.40,-1,-1,-1
1874,279,1111.33,4.08,137.33,93.58,0.41,-1,-1,-1
1875,279,1110.67,3.62,137.33,94.04,0.41,-1,-1,-1
1876,279,1110.67,3.83,138.67,93.83,0.41,-1,-1,-1
1877,279,1111.33,2.92,137.33,94.75,0.40,-1,-1,-1
1878,279,1111.33,2.50,137.33,95.25,0.40,-1,-1,-1
1879,279,1111.33,4.38,137.33,93.29,0.42,-1,-1,-1
1880,279,1114.67,8.79,133.33,88.21,0.42,-1,-1,-1
1881,279,1112.00,4.25,136.00,93.33,0.40,-1,-1,-1
1882,279,1114.67,5.25,133.33,92.50,0.42,-1,-1,-1
1883,279,1114.67,5.62,134.67,91.38,0.41,-1,-1,-1
1884,279,1114.00,4.92,136.00,92.50,0.41,-1,-1,-1
1885,279,1122.67,4.58,124.00,93.33,0.39,-1,-1,-1
1886,279,1121.33,4.62,128.00,93.38,0.38,-1,-1,-1
1887,279,1120.67,4.67,129.33,93.33,0.36,-1,-1,-1
1888,279,1120.00,6.33,130.67,92.67,0.33,-1,-1,-1
1889,279,1120.00,3.88,130.67,94.96,0.34,-1,-1,-1
1890,279,1120.67,4.17,129.33,94.50,0.32,-1,-1,-1
1891,279,1116.67,5.25,132.00,93.17,0.41,-1,-1,-1
1892,279,1116.67,6.17,132.00,92.25,0.42,-1,-1,-1
1893,279,1116.00,4.25,133.33,94.25,0.41,-1,-1,-1
1894,279,1108.67,3.79,140.00,94.38,0.39,-1,-1,-1
1895,279,1108.67,4.08,140.00,94.75,0.40,-1,-1,-1
1896,279,1108.00,3.21,141.33,95.79,0.37,-1,-1,-1
1897,279,1109.33,3.88,140.00,94.62,0.38,-1,-1,-1
1898,279,1109.33,4.38,140.00,94.12,0.39,-1,-1,-1
1899,279,1108.67,3.12,141.33,95.71,0.38,-1,-1,-1
1900,279,1108.67,3.29,141.33,95.38,0.38,-1,-1,-1
1901,279,1108.67,6.04,140.00,92.46,0.40,-1,-1,-1
1902,279,1108.67,8.54,140.00,89.96,0.40,-1,-1,-1
1903,279,1110.00,9.58,140.00,89.33,0.37,-1,-1,-1
1904,279,1110.67,10.67,138.67,87.83,0.37,-1,-1,-1
1905,279,1111.33,10.79,137.33,87.21,0.39,-1,-1,-1
1906,279,1111.33,11.75,137.33,86.17,0.38,-1,-1,-1
1907,279,1111.33,11.17,137.33,86.67,0.39,-1,-1,-1
1908,279,1112.00,8.83,137.33,89.33,0.39,-1,-1,-1
1909,279,1111.33,11.12,137.33,86.88,0.38,-1,-1,-1
1910,279,1111.33,11.79,137.33,86.04,0.38,-1,-1,-1
1911,279,1112.00,8.67,137.33,89.83,0.35,-1,-1,-1
1912,279,1111.33,8.38,137.33,90.46,0.37,-1,-1,-1
1913,279,1111.33,9.00,138.67,89.58,0.35,-1,-1,-1
1914,279,1111.33,8.75,138.67,89.83,0.35,-1,-1,-1
1915,279,1112.00,7.92,137.33,91.00,0.36,-1,-1,-1
1916,279,1111.33,8.88,138.67,89.62,0.35,-1,-1,-1
1917,279,1111.33,9.04,138.67,89.63,0.36,-1,-1,-1
1918,279,1111.33,7.75,138.67,91.00,0.37,-1,-1,-1
1919,279,1111.33,8.71,138.67,89.96,0.35,-1,-1,-1
1920,279,1111.33,8.71,138.67,89.79,0.35,-1,-1,-1
1921,279,1121.33,7.12,128.00,91.38,0.32,-1,-1,-1
1922,279,1122.00,7.17,126.67,91.50,0.32,-1,-1,-1
1923,279,1119.33,6.67,130.67,91.92,0.23,-1,-1,-1
1924,279,1120.00,7.04,129.33,91.29,0.26,-1,-1,-1
1925,279,1120.00,7.42,129.33,91.25,0.34,-1,-1,-1
1926,279,1118.67,7.21,130.67,91.29,0.29,-1,-1,-1
1927,279,1118.67,7.21,130.67,91.29,0.30,-1,-1,-1
1928,279,1118.67,6.17,130.67,92.33,0.31,-1,-1,-1
1929,279,1118.67,6.58,130.67,92.00,0.28,-1,-1,-1
1930,279,1120.00,6.54,129.33,91.96,0.27,-1,-1,-1
1931,279,1119.33,8.21,129.33,90.12,0.33,-1,-1,-1
1932,279,1118.67,8.17,129.33,90.08,0.33,-1,-1,-1
1933,279,1116.00,6.33,133.33,92.33,0.34,-1,-1,-1
1934,279,1115.33,5.92,133.33,92.67,0.36,-1,-1,-1
1935,279,1114.00,4.88,134.67,93.62,0.37,-1,-1,-1
1936,279,1113.33,4.25,136.00,94.00,0.37,-1,-1,-1
1937,279,1114.67,5.75,134.67,92.83,0.39,-1,-1,-1
1938,279,1115.33,4.17,133.33,94.00,0.39,-1,-1,-1
1939,279,1114.67,5.83,134.67,92.67,0.38,-1,-1,-1
1940,279,1114.67,6.42,134.67,92.00,0.39,-1,-1,-1
1941,279,1115.33,3.92,134.67,94.58,0.38,-1,-1,-1
1942,279,1114.00,2.58,134.67,95.33,0.41,-1,-1,-1
1943,279,1114.00,1.54,136.00,96.46,0.39,-1,-1,-1
1944,279,1112.67,2.96,137.33,95.04,0.38,-1,-1,-1
1945,279,1112.00,4.42,136.00,93.33,0.42,-1,-1,-1
1946,279,1112.00,5.08,137.33,92.00,0.42,-1,-1,-1
1947,279,1112.00,3.54,137.33,93.96,0.41,-1,-1,-1
1947,281,1110.00,111.17,124.00,99.00,0.40,-1,-1,-1
1948,279,1112.00,3.00,137.33,94.42,0.40,-1,-1,-1
1948,281,1110.67,111.00,124.00,98.50,0.40,-1,-1,-1
1949,279,1110.00,3.42,138.67,93.50,0.40,-1,-1,-1
1949,281,1110.67,111.50,124.00,100.17,0.38,-1,-1,-1
1950,279,1115.33,5.83,133.33,91.50,0.40,-1,-1,-1
1950,281,1108.00,109.50,124.00,103.33,0.34,-1,-1,-1
1951,279,1116.00,6.92,132.00,90.25,0.41,-1,-1,-1
1951,281,1108.00,110.83,124.00,102.00,0.34,-1,-1,-1
1952,279,1116.00,6.46,132.00,91.21,0.40,-1,-1,-1
1952,281,1109.33,112.17,122.67,99.33,0.36,-1,-1,-1
1953,279,1115.33,6.83,133.33,90.92,0.40,-1,-1,-1
1953,281,1110.00,113.25,118.67,85.75,0.41,-1,-1,-1
1954,279,1115.33,7.12,133.33,90.21,0.41,-1,-1,-1
1954,281,1109.33,110.50,122.67,102.17,0.36,-1,-1,-1
1955,279,1117.33,5.75,130.67,92.00,0.41,-1,-1,-1
1955,281,1108.00,110.67,124.00,101.00,0.36,-1,-1,-1
1955,282,1002.67,476.67,85.33,74.00,0.43,-1,-1,-1
1956,279,1118.67,6.75,130.67,91.00,0.37,-1,-1,-1
1956,281,1109.33,111.83,124.00,99.00,0.40,-1,-1,-1
1957,279,1122.67,7.96,128.00,90.38,0.32,-1,-1,-1
1957,281,1110.00,112.50,121.33,97.00,0.33,-1,-1,-1
1958,279,1122.00,7.54,128.00,90.96,0.35,-1,-1,-1
1958,281,1114.67,111.08,116.00,98.58,0.28,-1,-1,-1
1959,279,1122.67,6.92,128.00,91.67,0.32,-1,-1,-1
1959,281,1109.33,112.00,122.67,97.00,0.36,-1,-1,-1
1960,279,1122.67,7.00,128.00,91.50,0.32,-1,-1,-1
1960,281,1110.00,112.33,122.67,96.17,0.37,-1,-1,-1
1961,279,1121.33,7.08,128.00,91.00,0.35,-1,-1,-1
1961,281,1110.00,110.67,122.67,101.67,0.35,-1,-1,-1
1962,279,1120.67,6.88,128.00,91.29,0.35,-1,-1,-1
1962,281,1109.33,110.25,124.00,101.75,0.34,-1,-1,-1
1963,279,1119.33,6.46,130.67,92.04,0.33,-1,-1,-1
1963,281,1109.33,109.83,124.00,101.67,0.35,-1,-1,-1
1964,279,1120.00,6.83,129.33,91.50,0.34,-1,-1,-1
1964,281,1109.33,109.58,124.00,102.08,0.35,-1,-1,-1
1965,279,1120.67,6.54,128.00,91.63,0.36,-1,-1,-1
1965,281,1108.67,109.33,124.00,102.50,0.33,-1,-1,-1
1966,279,1119.33,6.29,130.67,91.88,0.32,-1,-1,-1
1966,281,1109.33,109.50,122.67,102.67,0.31,-1,-1,-1
1967,279,1120.00,7.12,129.33,91.04,0.34,-1,-1,-1
1967,281,1109.33,110.50,121.33,100.67,0.28,-1,-1,-1
1968,279,1118.67,5.50,130.67,92.83,0.35,-1,-1,-1
1968,281,1109.33,110.83,121.33,100.67,0.31,-1,-1,-1
1969,279,1119.33,6.38,130.67,91.96,0.34,-1,-1,-1
1969,281,1110.67,119.00,104.00,81.17,0.31,-1,-1,-1
1970,279,1118.67,6.29,130.67,91.88,0.33,-1,-1,-1
1970,281,1110.00,118.58,105.33,81.75,0.31,-1,-1,-1
1971,279,1121.33,6.21,128.00,91.96,0.34,-1,-1,-1
1971,281,1110.67,112.17,121.33,93.33,0.34,-1,-1,-1
1972,279,1121.33,6.04,128.00,92.13,0.36,-1,-1,-1
1972,281,1110.67,119.42,104.00,79.92,0.30,-1,-1,-1
1973,279,1120.67,5.58,129.33,92.67,0.31,-1,-1,-1
1973,281,1108.00,108.25,124.00,104.42,0.27,-1,-1,-1
1974,279,1120.00,5.67,130.67,92.50,0.32,-1,-1,-1
1974,281,1108.00,108.83,124.00,104.33,0.26,-1,-1,-1
1975,279,1120.00,5.50,129.33,93.17,0.35,-1,-1,-1
1975,281,1109.33,110.33,122.67,101.33,0.30,-1,-1,-1
1976,279,1114.00,6.50,136.00,92.33,0.40,-1,-1,-1
1976,281,1108.00,109.67,124.00,102.00,0.31,-1,-1,-1
1977,279,1114.00,6.58,136.00,92.17,0.40,-1,-1,-1
1977,281,1109.33,110.08,122.67,100.92,0.33,-1,-1,-1
1978,279,1114.67,5.62,134.67,92.71,0.41,-1,-1,-1
1978,281,1108.67,110.17,122.67,100.67,0.33,-1,-1,-1
1979,279,1108.00,5.25,141.33,93.58,0.37,-1,-1,-1
1979,281,1109.33,110.50,122.67,100.33,0.34,-1,-1,-1
1980,279,1108.00,5.21,141.33,93.62,0.37,-1,-1,-1
1980,281,1109.33,110.50,122.67,100.17,0.34,-1,-1,-1
1981,279,1109.33,5.12,140.00,93.54,0.38,-1,-1,-1
1981,281,1108.00,108.17,125.33,105.50,0.31,-1,-1,-1
1982,279,1108.67,5.33,140.00,93.58,0.39,-1,-1,-1
1982,281,1122.00,111.83,112.00,116.33,0.14,-1,-1,-1
1983,279,1108.67,5.75,141.33,92.92,0.38,-1,-1,-1
1983,281,1107.33,107.75,125.33,106.25,0.27,-1,-1,-1
1984,279,1108.67,5.88,141.33,92.79,0.37,-1,-1,-1
1984,281,1107.33,108.83,125.33,103.83,0.31,-1,-1,-1
1985,279,1110.00,5.54,138.67,92.63,0.40,-1,-1,-1
1985,281,1107.33,108.67,125.33,104.00,0.29,-1,-1,-1
1986,279,1108.67,5.29,141.33,93.38,0.38,-1,-1,-1
1986,281,1107.33,109.17,125.33,103.33,0.29,-1,-1,-1
1987,279,1108.67,5.12,141.33,93.54,0.37,-1,-1,-1
1987,281,1108.00,109.33,124.00,102.83,0.29,-1,-1,-1
1988,279,1110.00,6.17,140.00,92.50,0.39,-1,-1,-1
1988,281,1110.67,119.67,104.00,79.83,0.31,-1,-1,-1
1989,279,1111.33,7.83,138.67,90.92,0.37,-1,-1,-1
1989,281,1110.67,112.33,121.33,94.33,0.36,-1,-1,-1
1990,279,1110.67,8.08,140.00,90.42,0.36,-1,-1,-1
1990,281,1112.00,112.08,118.67,90.58,0.36,-1,-1,-1
1991,279,1110.67,9.50,138.67,88.67,0.39,-1,-1,-1
1991,281,1113.33,112.67,116.00,97.67,0.19,-1,-1,-1
1992,279,1110.67,9.42,137.33,88.67,0.40,-1,-1,-1
1992,281,1108.00,118.50,108.00,81.67,0.33,-1,-1,-1
1993,279,1109.33,8.83,140.00,89.58,0.38,-1,-1,-1
1993,281,1107.33,113.42,122.67,93.58,0.36,-1,-1,-1
1994,279,1109.33,9.00,140.00,89.33,0.39,-1,-1,-1
1994,281,1108.00,113.50,121.33,92.67,0.35,-1,-1,-1
1995,279,1110.67,9.83,137.33,88.00,0.41,-1,-1,-1
1995,281,1113.33,112.92,114.67,90.75,0.35,-1,-1,-1
1996,279,1110.00,10.12,138.67,88.21,0.40,-1,-1,-1
1996,281,1110.00,113.00,118.67,95.67,0.31,-1,-1,-1
1997,279,1110.00,9.42,138.67,89.00,0.40,-1,-1,-1
1997,281,1108.67,113.17,121.33,95.00,0.34,-1,-1,-1
1998,279,1110.00,7.71,140.00,90.96,0.40,-1,-1,-1
1998,281,1108.67,112.92,121.33,95.42,0.34,-1,-1,-1
1999,279,1110.00,8.75,138.67,89.83,0.39,-1,-1,-1
1999,281,1108.67,112.50,121.33,96.33,0.34,-1,-1,-1
2000,279,1110.00,9.17,138.67,89.33,0.40,-1,-1,-1
2000,281,1109.33,112.42,122.67,97.25,0.38,-1,-1,-1
2001,279,1110.00,5.21,140.00,93.46,0.37,-1,-1,-1
2001,281,1104.67,115.50,121.33,86.50,0.18,-1,-1,-1
2002,279,1109.33,5.71,140.00,92.96,0.37,-1,-1,-1
2002,281,1101.33,107.50,132.00,114.33,0.13,-1,-1,-1
2003,279,1109.33,5.46,141.33,93.21,0.33,-1,-1,-1
2003,281,1101.33,107.50,132.00,114.33,0.11,-1,-1,-1
2004,279,1108.67,5.33,141.33,93.50,0.34,-1,-1,-1
2004,281,1102.67,107.50,130.67,113.67,0.14,-1,-1,-1
2005,279,1110.67,5.58,138.67,93.17,0.37,-1,-1,-1
2005,281,1103.33,107.67,129.33,113.50,0.16,-1,-1,-1
2006,279,1123.33,6.92,126.67,91.42,0.31,-1,-1,-1
2006,281,1108.67,113.00,121.33,95.50,0.31,-1,-1,-1
2007,279,1119.33,5.38,130.67,93.12,0.25,-1,-1,-1
2007,281,1108.67,112.50,121.33,95.33,0.32,-1,-1,-1
2008,279,1118.00,4.83,132.00,93.83,0.21,-1,-1,-1
2008,281,1108.67,111.92,121.33,96.75,0.30,-1,-1,-1
2009,279,1120.00,5.38,130.67,93.12,0.28,-1,-1,-1
2009,281,1108.67,111.25,122.67,98.08,0.32,-1,-1,-1
2010,279,1120.00,5.46,130.67,92.88,0.27,-1,-1,-1
2010,281,1108.67,110.67,122.67,98.33,0.33,-1,-1,-1
2011,279,1120.00,6.58,129.33,91.67,0.28,-1,-1,-1
2011,281,1109.33,111.17,121.33,98.00,0.34,-1,-1,-1
2012,279,1120.00,7.04,129.33,91.46,0.29,-1,-1,-1
2012,281,1110.00,111.00,121.33,98.50,0.34,-1,-1,-1
2013,279,1121.33,6.92,128.00,91.50,0.26,-1,-1,-1
2013,281,1109.33,111.00,121.33,98.00,0.33,-1,-1,-1
2014,279,1121.33,6.79,128.00,91.38,0.27,-1,-1,-1
2014,281,1109.33,110.67,121.33,98.00,0.34,-1,-1,-1
2015,279,1121.33,6.83,128.00,91.67,0.33,-1,-1,-1
2015,281,1108.00,111.17,124.00,97.50,0.35,-1,-1,-1
2016,279,1120.00,6.88,129.33,91.46,0.30,-1,-1,-1
2016,281,1108.00,110.67,124.00,98.33,0.35,-1,-1,-1
2017,279,1120.00,7.25,129.33,91.00,0.31,-1,-1,-1
2017,281,1108.00,112.67,122.67,96.33,0.31,-1,-1,-1
2018,279,1120.00,6.67,129.33,91.92,0.32,-1,-1,-1
2018,281,1109.33,112.00,121.33,98.33,0.30,-1,-1,-1
2019,279,1119.33,6.33,130.67,92.33,0.35,-1,-1,-1
2019,281,1110.00,110.75,121.33,99.25,0.30,-1,-1,-1
2020,279,1118.00,4.25,130.67,93.25,0.42,-1,-1,-1
2020,281,1110.00,111.08,122.67,98.58,0.35,-1,-1,-1
2020,283,360.00,562.67,126.00,78.67,0.42,-1,-1,-1
2021,279,1114.67,5.96,133.33,91.38,0.42,-1,-1,-1
2021,281,1110.00,108.25,121.33,106.75,0.27,-1,-1,-1
2022,279,1114.67,5.12,133.33,92.21,0.42,-1,-1,-1
2022,281,1109.33,109.00,124.00,108.33,0.28,-1,-1,-1
2023,279,1115.33,5.00,133.33,92.50,0.41,-1,-1,-1
2023,281,1108.00,109.83,124.00,105.00,0.29,-1,-1,-1
2024,279,1116.67,6.54,132.00,90.79,0.41,-1,-1,-1
2024,281,1108.67,110.33,122.67,102.50,0.32,-1,-1,-1
2025,279,1117.33,7.88,130.67,89.12,0.42,-1,-1,-1
2025,281,1108.67,110.83,124.00,103.33,0.35,-1,-1,-1
2026,279,1117.33,7.83,130.67,89.17,0.42,-1,-1,-1
2026,281,1108.67,109.67,122.67,106.00,0.30,-1,-1,-1
2027,279,1116.00,8.58,132.00,88.50,0.42,-1,-1,-1
2027,281,1108.00,109.50,124.00,106.33,0.31,-1,-1,-1
2028,279,1116.67,7.25,132.00,89.92,0.42,-1,-1,-1
2028,281,1108.00,109.42,124.00,106.58,0.30,-1,-1,-1
2029,279,1115.33,8.50,133.33,88.50,0.42,-1,-1,-1
2029,281,1107.33,109.25,124.00,104.75,0.33,-1,-1,-1
2030,279,1115.33,8.71,133.33,88.29,0.42,-1,-1,-1
2030,281,1107.33,109.42,124.00,104.92,0.32,-1,-1,-1
2031,279,1116.67,7.29,132.00,89.88,0.42,-1,-1,-1
2031,281,1107.33,108.67,125.33,105.50,0.34,-1,-1,-1
2032,279,1116.67,6.71,132.00,90.79,0.43,-1,-1,-1
2032,281,1107.33,108.33,125.33,106.33,0.32,-1,-1,-1
2033,279,1116.00,6.96,133.33,90.38,0.42,-1,-1,-1
2033,281,1107.33,108.67,125.33,105.67,0.33,-1,-1,-1
2034,279,1116.00,7.12,133.33,90.21,0.42,-1,-1,-1
2034,281,1107.33,108.42,125.33,106.25,0.32,-1,-1,-1
2035,279,1115.33,6.21,133.33,91.46,0.42,-1,-1,-1
2035,281,1108.00,108.33,125.33,106.00,0.34,-1,-1,-1
2036,279,1115.33,6.29,133.33,91.04,0.41,-1,-1,-1
2036,281,1108.00,108.33,125.33,106.00,0.34,-1,-1,-1
2037,279,1115.33,6.79,133.33,90.38,0.42,-1,-1,-1
2037,281,1108.00,109.33,125.33,104.83,0.34,-1,-1,-1
2038,279,1116.00,5.96,133.33,91.38,0.42,-1,-1,-1
2038,281,1108.00,109.00,125.33,106.00,0.35,-1,-1,-1
2039,279,1115.33,6.33,133.33,91.00,0.42,-1,-1,-1
2039,281,1107.33,110.25,125.33,101.08,0.35,-1,-1,-1
2040,279,1116.00,6.71,133.33,90.62,0.41,-1,-1,-1
2040,281,1106.67,107.83,125.33,106.67,0.31,-1,-1,-1
2041,279,1116.00,7.96,132.00,89.54,0.42,-1,-1,-1
2041,281,1108.67,108.50,125.33,105.50,0.35,-1,-1,-1
2042,279,1116.00,7.29,132.00,90.54,0.43,-1,-1,-1
2042,281,1109.33,108.58,124.00,105.42,0.35,-1,-1,-1
2043,279,1114.00,7.04,134.67,90.63,0.42,-1,-1,-1
2043,281,1108.67,108.50,125.33,105.00,0.35,-1,-1,-1
2044,279,1114.00,6.79,134.67,90.54,0.42,-1,-1,-1
2044,281,1108.67,108.92,126.67,103.75,0.36,-1,-1,-1
2045,279,1116.00,7.04,132.00,90.63,0.43,-1,-1,-1
2045,281,1108.00,108.58,126.67,104.75,0.35,-1,-1,-1
2046,279,1116.00,7.46,133.33,89.88,0.42,-1,-1,-1
2046,281,1107.33,108.67,126.67,104.50,0.35,-1,-1,-1
2047,279,1115.33,7.88,133.33,89.46,0.42,-1,-1,-1
2047,281,1108.67,108.33,125.33,105.67,0.34,-1,-1,-1
2048,279,1115.33,7.17,133.33,90.25,0.42,-1,-1,-1
2048,281,1108.67,108.33,125.33,105.67,0.35,-1,-1,-1
2049,279,1115.33,7.38,133.33,90.12,0.42,-1,-1,-1
2049,281,1108.67,108.50,125.33,105.67,0.35,-1,-1,-1
2050,279,1115.33,7.75,133.33,89.58,0.42,-1,-1,-1
2050,281,1108.67,108.50,125.33,105.50,0.35,-1,-1,-1
2051,279,1115.33,8.08,133.33,89.17,0.42,-1,-1,-1
2051,281,1108.67,108.83,125.33,105.33,0.35,-1,-1,-1
2052,279,1115.33,7.71,133.33,89.62,0.42,-1,-1,-1
2052,281,1108.67,108.75,125.33,105.58,0.34,-1,-1,-1
2053,279,1114.00,7.67,134.67,89.83,0.42,-1,-1,-1
2053,281,1108.00,108.83,125.33,105.33,0.34,-1,-1,-1
2054,279,1114.00,8.08,134.67,89.33,0.42,-1,-1,-1
2054,281,1108.00,108.83,125.33,105.17,0.34,-1,-1,-1
2055,279,1115.33,7.12,133.33,90.38,0.43,-1,-1,-1
2055,281,1108.00,109.25,125.33,103.75,0.35,-1,-1,-1
2056,279,1114.00,7.58,134.67,89.83,0.42,-1,-1,-1
2056,281,1108.00,109.00,125.33,104.50,0.34,-1,-1,-1
2057,279,1115.33,7.83,133.33,89.42,0.42,-1,-1,-1
2057,281,1107.33,108.33,125.33,105.17,0.35,-1,-1,-1
2058,279,1115.33,7.50,133.33,89.83,0.42,-1,-1,-1
2058,281,1108.00,108.75,124.00,104.92,0.35,-1,-1,-1
2059,279,1114.00,7.46,134.67,89.88,0.42,-1,-1,-1
2059,281,1107.33,109.00,125.33,105.67,0.34,-1,-1,-1
2060,279,1113.33,6.92,134.67,90.42,0.42,-1,-1,-1
2060,281,1106.67,109.33,125.33,106.00,0.33,-1,-1,-1
2061,279,1114.67,7.42,134.67,90.58,0.43,-1,-1,-1
2061,281,1108.67,111.00,124.00,99.00,0.38,-1,-1,-1
2062,279,1116.00,7.33,132.00,90.08,0.43,-1,-1,-1
2062,281,1108.00,110.00,124.00,103.67,0.36,-1,-1,-1
2063,279,1116.00,8.71,133.33,89.12,0.42,-1,-1,-1
2063,281,1108.67,109.33,124.00,104.33,0.35,-1,-1,-1
2064,279,1111.33,7.46,137.33,90.38,0.41,-1,-1,-1
2064,281,1108.00,109.42,124.00,104.58,0.34,-1,-1,-1
2065,279,1112.67,6.83,136.00,91.00,0.42,-1,-1,-1
2065,281,1108.00,108.83,125.33,105.17,0.35,-1,-1,-1
2066,279,1112.00,6.62,137.33,91.04,0.41,-1,-1,-1
2066,281,1107.33,109.33,125.33,105.00,0.32,-1,-1,-1
2067,279,1110.67,6.79,138.67,90.71,0.41,-1,-1,-1
2067,281,1111.33,109.67,121.33,102.00,0.35,-1,-1,-1
2068,279,1111.33,6.58,138.67,91.00,0.41,-1,-1,-1
2068,281,1107.33,109.17,125.33,103.83,0.37,-1,-1,-1
2069,279,1110.67,6.38,138.67,91.46,0.42,-1,-1,-1
2069,281,1108.00,109.50,124.00,102.67,0.36,-1,-1,-1
2070,279,1114.00,8.04,134.67,89.46,0.43,-1,-1,-1
2070,281,1105.33,109.42,128.00,101.58,0.33,-1,-1,-1
2071,279,1113.33,8.54,134.67,88.63,0.43,-1,-1,-1
2071,281,1106.00,108.17,125.33,105.50,0.33,-1,-1,-1
2072,279,1112.00,7.96,136.00,89.54,0.44,-1,-1,-1
2072,281,1104.67,110.00,129.33,100.33,0.36,-1,-1,-1
2073,279,1112.67,8.92,136.00,89.00,0.42,-1,-1,-1
2073,281,1107.33,109.83,122.67,97.00,0.37,-1,-1,-1
2074,279,1112.67,9.08,136.00,88.67,0.42,-1,-1,-1
2074,281,1108.00,110.83,122.67,100.17,0.35,-1,-1,-1
2075,279,1113.33,8.08,134.67,89.17,0.43,-1,-1,-1
2075,281,1106.67,110.08,124.00,101.58,0.36,-1,-1,-1
2076,279,1111.33,7.62,137.33,89.88,0.41,-1,-1,-1
2076,281,1108.00,112.50,122.67,95.00,0.38,-1,-1,-1
2077,279,1110.00,7.21,138.67,90.12,0.40,-1,-1,-1
2077,281,1113.33,112.00,120.00,98.50,0.39,-1,-1,-1
2078,279,1110.00,6.67,138.67,91.00,0.41,-1,-1,-1
2078,281,1110.00,112.33,122.67,97.33,0.39,-1,-1,-1
2079,279,1110.00,5.38,138.67,92.62,0.40,-1,-1,-1
2079,281,1110.00,111.92,124.00,98.08,0.40,-1,-1,-1
2080,279,1110.00,3.62,138.67,94.21,0.41,-1,-1,-1
2080,281,1110.67,112.25,122.67,97.08,0.40,-1,-1,-1
2081,279,1108.00,8.62,141.33,89.88,0.40,-1,-1,-1
2081,281,1108.67,112.00,122.67,97.67,0.37,-1,-1,-1
2082,279,1109.33,8.54,138.67,89.13,0.40,-1,-1,-1
2082,281,1109.33,111.75,122.67,97.58,0.37,-1,-1,-1
2083,279,1108.67,8.38,140.00,90.29,0.39,-1,-1,-1
2083,281,1109.33,110.92,121.33,96.08,0.37,-1,-1,-1
2084,279,1108.67,8.67,140.00,89.83,0.40,-1,-1,-1
2084,281,1110.00,111.17,121.33,95.33,0.39,-1,-1,-1
2085,279,1109.33,7.75,138.67,90.17,0.41,-1,-1,-1
2085,281,1114.00,107.58,117.33,103.75,0.27,-1,-1,-1
2086,279,1106.00,7.92,142.67,90.58,0.39,-1,-1,-1
2086,281,1108.67,110.17,122.67,100.17,0.37,-1,-1,-1
2087,279,1108.00,8.21,140.00,89.29,0.41,-1,-1,-1
2087,281,1110.67,111.50,122.67,96.83,0.40,-1,-1,-1
2088,279,1110.00,5.21,138.67,92.62,0.41,-1,-1,-1
2088,281,1109.33,110.67,122.67,99.83,0.37,-1,-1,-1
2089,279,1108.67,5.67,140.00,92.67,0.40,-1,-1,-1
2089,281,1107.33,108.67,124.00,104.17,0.31,-1,-1,-1
2090,279,1108.67,6.50,140.00,91.67,0.39,-1,-1,-1
2090,281,1107.33,108.58,124.00,104.08,0.31,-1,-1,-1
2091,279,1120.67,4.42,129.33,93.83,0.36,-1,-1,-1
2091,281,1108.67,109.17,122.67,102.67,0.31,-1,-1,-1
2092,279,1118.00,4.58,130.67,93.83,0.36,-1,-1,-1
2092,281,1108.67,109.42,122.67,102.58,0.31,-1,-1,-1
2093,279,1114.00,3.54,136.00,95.13,0.33,-1,-1,-1
2093,281,1108.00,109.67,124.00,101.83,0.31,-1,-1,-1
2094,279,1115.33,4.67,134.67,93.83,0.34,-1,-1,-1
2094,281,1108.67,109.50,124.00,101.33,0.35,-1,-1,-1
2094,284,0.00,0.00,91.50,35.71,0.40,-1,-1,-1
2095,279,1115.33,4.62,133.33,94.04,0.35,-1,-1,-1
2095,281,1108.00,109.50,124.00,100.17,0.36,-1,-1,-1
2095,284,0.00,0.00,92.42,35.42,0.33,-1,-1,-1
2096,279,1114.00,4.50,136.00,94.00,0.32,-1,-1,-1
2096,281,1108.00,109.25,124.00,101.42,0.36,-1,-1,-1
2096,284,0.00,0.00,93.25,35.25,0.28,-1,-1,-1
2097,279,1116.00,4.08,133.33,94.00,0.33,-1,-1,-1
2097,281,1109.33,109.83,122.67,102.67,0.35,-1,-1,-1
2097,284,0.00,0.00,94.17,35.67,0.27,-1,-1,-1
2098,279,1114.67,3.46,134.67,94.71,0.36,-1,-1,-1
2098,281,1110.00,109.58,122.67,99.08,0.37,-1,-1,-1
2098,284,0.00,0.00,94.50,36.10,0.32,-1,-1,-1
2099,279,1118.00,4.08,132.00,94.08,0.35,-1,-1,-1
2099,281,1108.00,109.17,124.00,104.33,0.32,-1,-1,-1
2099,284,0.00,0.00,92.83,36.21,0.40,-1,-1,-1
2100,279,1120.67,6.46,129.33,91.71,0.35,-1,-1,-1
2100,281,1109.33,110.83,122.67,100.50,0.36,-1,-1,-1
2100,284,0.00,0.00,92.67,36.33,0.26,-1,-1,-1
2101,279,1122.00,7.62,128.00,90.71,0.36,-1,-1,-1
2101,281,1109.33,111.08,122.67,98.58,0.37,-1,-1,-1
2101,284,0.00,0.00,93.00,35.75,0.16,-1,-1,-1
2102,279,1121.33,8.54,128.00,90.13,0.37,-1,-1,-1
2102,281,1110.00,111.58,121.33,97.08,0.37,-1,-1,-1
2103,279,1122.00,7.96,128.00,90.38,0.32,-1,-1,-1
2103,281,1110.67,112.50,121.33,96.50,0.37,-1,-1,-1
2104,279,1120.67,8.62,129.33,89.54,0.33,-1,-1,-1
2104,281,1110.67,112.50,121.33,95.83,0.37,-1,-1,-1
2104,285,602.67,148.42,88.67,34.42,0.41,-1,-1,-1
2105,279,1120.67,8.67,128.00,89.58,0.37,-1,-1,-1
2105,281,1110.67,112.17,121.33,97.00,0.37,-1,-1,-1
2105,286,531.67,147.17,96.00,36.00,0.43,-1,-1,-1
2106,279,1120.67,8.58,129.33,89.58,0.33,-1,-1,-1
2106,281,1110.67,111.83,121.33,97.00,0.36,-1,-1,-1
2107,279,1119.33,8.79,129.33,89.38,0.34,-1,-1,-1
2107,281,1110.00,111.75,121.33,98.25,0.37,-1,-1,-1
2108,279,1120.00,7.71,129.33,90.79,0.35,-1,-1,-1
2108,281,1109.33,111.58,122.67,98.42,0.36,-1,-1,-1
2109,279,1120.00,8.62,129.33,89.54,0.34,-1,-1,-1
2109,281,1110.00,112.33,122.67,96.33,0.38,-1,-1,-1
2109,287,245.00,166.25,88.67,53.08,0.42,-1,-1,-1
2110,279,1114.00,6.54,134.67,92.13,0.34,-1,-1,-1
2110,281,1110.67,112.25,122.67,95.75,0.41,-1,-1,-1
2111,279,1116.67,8.92,132.00,89.17,0.33,-1,-1,-1
2111,281,1110.00,112.25,122.67,96.42,0.39,-1,-1,-1
2112,279,1114.67,8.92,133.33,89.17,0.34,-1,-1,-1
2112,281,1109.33,112.17,122.67,97.50,0.38,-1,-1,-1
2113,279,1114.00,8.17,134.67,90.58,0.36,-1,-1,-1
2113,281,1108.67,112.00,122.67,97.33,0.37,-1,-1,-1
2114,279,1114.67,7.46,133.33,91.21,0.35,-1,-1,-1
2114,281,1108.67,111.25,122.67,100.75,0.34,-1,-1,-1
2115,279,1106.67,5.17,140.00,92.33,0.38,-1,-1,-1
2115,281,1110.67,111.00,122.67,98.67,0.40,-1,-1,-1
2115,284,0.00,0.00,93.00,35.75,0.32,-1,-1,-1
2116,279,1116.67,6.79,132.00,91.21,0.35,-1,-1,-1
2116,281,1108.67,110.17,124.00,101.17,0.38,-1,-1,-1
2116,284,0.00,0.00,99.50,35.96,0.30,-1,-1,-1
2117,279,1116.67,6.42,132.00,91.67,0.36,-1,-1,-1
2117,281,1109.33,110.00,122.67,101.67,0.37,-1,-1,-1
2117,284,0.00,0.00,104.25,36.69,0.24,-1,-1,-1
2118,279,1116.67,5.00,132.00,93.17,0.36,-1,-1,-1
2118,281,1109.33,110.33,124.00,102.33,0.36,-1,-1,-1
2118,284,0.00,0.00,101.67,37.29,0.29,-1,-1,-1
2119,279,1116.67,5.38,132.00,92.79,0.35,-1,-1,-1
2119,281,1108.67,109.83,124.00,103.67,0.34,-1,-1,-1
2119,284,0.00,0.00,102.67,37.19,0.31,-1,-1,-1
2120,279,1116.67,4.96,132.00,93.38,0.35,-1,-1,-1
2120,281,1108.67,109.92,124.00,102.42,0.35,-1,-1,-1
2120,284,0.00,0.00,102.75,37.17,0.28,-1,-1,-1
2121,279,1117.33,2.75,132.00,95.92,0.37,-1,-1,-1
2121,281,1109.33,109.58,124.00,102.75,0.36,-1,-1,-1
2121,284,0.00,0.00,102.42,36.71,0.27,-1,-1,-1
2122,279,1117.33,4.08,130.67,94.08,0.41,-1,-1,-1
2122,281,1109.33,110.17,124.00,103.67,0.37,-1,-1,-1
2122,284,0.00,0.00,100.67,36.15,0.20,-1,-1,-1
2123,279,1116.67,6.71,132.00,90.62,0.41,-1,-1,-1
2123,281,1105.33,108.17,126.67,106.50,0.34,-1,-1,-1
2123,284,0.00,0.00,97.83,35.33,0.25,-1,-1,-1
2124,279,1115.33,5.92,133.33,91.50,0.41,-1,-1,-1
2124,281,1108.00,109.67,125.33,103.67,0.36,-1,-1,-1
2124,284,0.00,0.00,98.67,36.29,0.14,-1,-1,-1
2125,279,1116.67,4.67,130.67,92.67,0.42,-1,-1,-1
2125,281,1110.67,110.67,124.00,103.33,0.37,-1,-1,-1
2125,284,0.00,0.00,98.33,36.38,0.31,-1,-1,-1
2126,279,1116.67,4.00,132.00,93.83,0.39,-1,-1,-1
2126,281,1109.33,110.25,124.00,103.42,0.36,-1,-1,-1
2126,284,0.00,0.00,101.00,36.08,0.37,-1,-1,-1
2127,279,1116.67,3.46,132.00,94.21,0.38,-1,-1,-1
2127,281,1109.33,109.75,124.00,104.58,0.35,-1,-1,-1
2127,284,0.00,0.00,101.42,36.98,0.35,-1,-1,-1
2128,279,1116.00,3.46,132.00,94.21,0.37,-1,-1,-1
2128,281,1108.67,109.50,125.33,105.17,0.36,-1,-1,-1
2128,284,0.00,0.00,101.50,36.92,0.36,-1,-1,-1
2129,279,1118.00,3.29,130.67,94.54,0.37,-1,-1,-1
2129,281,1108.00,109.17,125.33,105.17,0.34,-1,-1,-1
2129,284,0.00,0.00,101.00,37.21,0.35,-1,-1,-1
2130,279,1117.33,3.67,130.67,93.83,0.37,-1,-1,-1
2130,281,1108.00,109.08,125.33,105.25,0.34,-1,-1,-1
2130,284,0.00,0.00,102.17,37.42,0.35,-1,-1,-1
2131,279,1117.33,3.62,130.67,94.04,0.39,-1,-1,-1
2131,281,1109.33,109.83,124.00,103.67,0.35,-1,-1,-1
2131,284,0.00,0.00,102.00,37.21,0.35,-1,-1,-1
2132,279,1117.33,4.04,129.33,93.63,0.40,-1,-1,-1
2132,281,1109.33,109.50,124.00,105.00,0.33,-1,-1,-1
2132,284,0.00,0.00,102.00,36.98,0.35,-1,-1,-1
2133,279,1117.33,3.96,130.67,93.54,0.39,-1,-1,-1
2133,281,1108.00,109.67,125.33,104.83,0.33,-1,-1,-1
2133,284,0.00,0.00,101.33,36.71,0.33,-1,-1,-1
2134,279,1117.33,4.50,130.67,93.17,0.39,-1,-1,-1
2134,281,1106.67,109.08,126.67,106.25,0.30,-1,-1,-1
2134,284,0.00,0.00,101.50,36.88,0.34,-1,-1,-1
2135,279,1116.67,4.46,130.67,93.38,0.41,-1,-1,-1
2135,281,1108.67,109.67,124.00,104.50,0.32,-1,-1,-1
2135,284,0.00,0.00,101.00,36.44,0.34,-1,-1,-1
2136,279,1115.33,4.54,133.33,92.96,0.39,-1,-1,-1
2136,281,1108.67,110.50,124.00,101.67,0.35,-1,-1,-1
2136,284,0.00,0.00,101.08,36.81,0.34,-1,-1,-1
2137,279,1116.00,5.00,132.00,92.50,0.39,-1,-1,-1
2137,281,1110.00,109.00,124.00,104.83,0.35,-1,-1,-1
2137,284,0.00,0.00,100.75,37.12,0.33,-1,-1,-1
2138,279,1116.00,4.88,132.00,92.62,0.40,-1,-1,-1
2138,281,1109.33,110.00,125.33,104.33,0.36,-1,-1,-1
2138,284,0.00,0.00,101.33,36.92,0.33,-1,-1,-1
2139,279,1114.67,4.12,133.33,93.38,0.40,-1,-1,-1
2139,281,1108.00,109.33,126.67,107.67,0.27,-1,-1,-1
2139,284,0.00,0.00,100.25,36.65,0.34,-1,-1,-1
2140,279,1120.00,5.88,128.00,91.46,0.39,-1,-1,-1
2140,281,1108.00,108.83,125.33,100.33,0.38,-1,-1,-1
2140,284,0.00,0.00,99.92,36.42,0.34,-1,-1,-1
2141,279,1116.00,4.62,132.00,92.54,0.39,-1,-1,-1
2141,281,1112.00,111.42,120.00,100.92,0.31,-1,-1,-1
2141,284,0.00,0.00,101.50,37.00,0.33,-1,-1,-1
2142,279,1116.67,6.08,130.67,91.00,0.40,-1,-1,-1
2142,281,1114.00,111.00,114.67,95.67,0.25,-1,-1,-1
2142,284,0.00,0.00,100.17,36.77,0.31,-1,-1,-1
2143,279,1112.67,5.08,136.00,92.17,0.40,-1,-1,-1
2143,281,1108.67,109.00,124.00,104.17,0.37,-1,-1,-1
2143,284,0.00,0.00,101.33,37.17,0.34,-1,-1,-1
2144,279,1113.33,5.50,134.67,91.67,0.40,-1,-1,-1
2144,281,1108.67,109.25,124.00,103.75,0.38,-1,-1,-1
2144,284,0.00,0.00,100.00,36.42,0.34,-1,-1,-1
2145,279,1112.67,6.17,134.67,91.42,0.42,-1,-1,-1
2145,281,1108.67,110.67,124.00,101.83,0.37,-1,-1,-1
2145,284,0.00,0.00,96.50,36.12,0.32,-1,-1,-1
2146,279,1113.33,6.75,134.67,90.33,0.43,-1,-1,-1
2146,281,1108.67,111.08,124.00,101.25,0.36,-1,-1,-1
2146,284,0.00,0.00,95.00,36.71,0.33,-1,-1,-1
2147,279,1117.33,7.46,130.67,90.04,0.42,-1,-1,-1
2147,281,1108.00,109.92,125.33,104.75,0.33,-1,-1,-1
2147,284,0.00,0.00,95.67,36.29,0.33,-1,-1,-1
2148,279,1117.33,7.54,130.67,90.46,0.42,-1,-1,-1
2148,281,1109.33,110.75,124.00,102.58,0.36,-1,-1,-1
2148,284,0.00,0.00,95.50,35.88,0.34,-1,-1,-1
2149,279,1110.67,6.67,137.33,91.00,0.40,-1,-1,-1
2149,281,1109.33,110.50,124.00,98.67,0.38,-1,-1,-1
2149,284,0.00,0.00,99.67,36.29,0.35,-1,-1,-1
2150,279,1110.67,6.71,137.33,90.96,0.41,-1,-1,-1
2150,281,1109.33,110.67,124.00,102.83,0.34,-1,-1,-1
2150,284,0.00,0.00,99.33,36.50,0.35,-1,-1,-1
2150,288,632.67,249.00,113.33,90.00,0.43,-1,-1,-1
2151,279,1110.67,4.17,137.33,94.00,0.41,-1,-1,-1
2151,281,1107.33,109.08,125.33,104.92,0.32,-1,-1,-1
2151,284,0.00,0.00,101.50,36.42,0.33,-1,-1,-1
2152,279,1110.67,4.50,136.00,93.00,0.42,-1,-1,-1
2152,281,1108.00,109.58,125.33,102.75,0.34,-1,-1,-1
2152,284,0.00,0.00,103.00,36.62,0.32,-1,-1,-1
2153,279,1109.33,3.38,138.67,94.79,0.40,-1,-1,-1
2153,281,1108.67,108.00,122.67,105.33,0.25,-1,-1,-1
2153,284,0.00,0.00,102.17,36.58,0.32,-1,-1,-1
2154,279,1109.33,3.92,138.67,94.25,0.41,-1,-1,-1
2154,281,1106.00,110.00,126.67,101.67,0.31,-1,-1,-1
2154,284,0.00,0.00,99.83,36.40,0.27,-1,-1,-1
2155,279,1108.67,3.62,138.67,94.54,0.41,-1,-1,-1
2155,281,1108.00,110.50,124.00,101.67,0.31,-1,-1,-1
2155,284,0.00,0.00,99.75,36.60,0.29,-1,-1,-1
2156,279,1109.33,3.54,138.67,94.29,0.40,-1,-1,-1
2156,281,1106.67,110.00,125.33,102.33,0.31,-1,-1,-1
2156,284,0.00,0.00,99.83,36.62,0.29,-1,-1,-1
2157,279,1110.67,5.17,137.33,92.67,0.41,-1,-1,-1
2157,281,1106.00,108.50,126.67,104.00,0.31,-1,-1,-1
2157,284,0.00,0.00,97.83,36.04,0.32,-1,-1,-1
2158,279,1109.33,4.17,138.67,93.58,0.41,-1,-1,-1
2158,281,1112.00,109.83,120.00,101.83,0.37,-1,-1,-1
2158,284,0.00,0.00,102.83,36.48,0.23,-1,-1,-1
2159,279,1112.67,6.38,134.67,91.12,0.42,-1,-1,-1
2159,281,1107.33,108.58,125.33,104.75,0.32,-1,-1,-1
2159,284,0.00,0.00,100.00,37.06,0.36,-1,-1,-1
2160,279,1112.67,6.12,134.67,91.21,0.42,-1,-1,-1
2160,281,1106.67,107.58,126.67,106.42,0.32,-1,-1,-1
2160,284,0.00,0.00,101.50,36.75,0.35,-1,-1,-1
2415,289,60.00,366.33,151.50,89.33,0.41,-1,-1,-1
2416,289,59.88,366.67,151.29,88.67,0.41,-1,-1,-1
2417,289,59.88,366.33,151.29,88.67,0.41,-1,-1,-1
2418,289,59.88,366.33,151.29,88.67,0.41,-1,-1,-1
2419,289,59.88,366.33,151.29,88.67,0.41,-1,-1,-1
2420,289,59.83,366.67,151.50,88.67,0.41,-1,-1,-1
2421,289,59.83,366.67,151.50,88.67,0.41,-1,-1,-1
