5,1,463.33,184.67,124.67,88.33,0.44,-1,-1,-1
6,2,324.83,138.33,121.83,80.33,0.42,-1,-1,-1
10,3,260.67,178.00,154.33,93.33,0.42,-1,-1,-1
13,4,317.33,154.00,122.00,83.00,0.43,-1,-1,-1
14,5,456.00,92.67,76.67,71.00,0.44,-1,-1,-1
15,6,334.50,146.50,125.83,83.00,0.45,-1,-1,-1
17,7,954.00,225.33,112.00,82.67,0.45,-1,-1,-1
17,8,480.67,150.33,108.00,87.67,0.43,-1,-1,-1
20,9,937.33,224.33,125.33,79.00,0.47,-1,-1,-1
23,10,944.00,248.67,137.33,99.67,0.44,-1,-1,-1
23,11,298.67,168.67,128.67,93.67,0.41,-1,-1,-1
25,12,974.00,172.50,124.00,79.67,0.40,-1,-1,-1
27,13,426.67,113.00,98.00,82.00,0.41,-1,-1,-1
30,14,944.67,228.83,121.33,94.33,0.44,-1,-1,-1
44,15,10.50,184.17,160.83,88.33,0.47,-1,-1,-1
45,16,87.92,223.67,157.42,108.67,0.41,-1,-1,-1
46,17,3.62,158.83,106.21,86.33,0.46,-1,-1,-1
46,18,950.00,218.50,126.67,93.67,0.44,-1,-1,-1
48,19,806.00,4.55,42.67,33.41,0.42,-1,-1,-1
55,20,788.00,225.67,114.67,101.00,0.42,-1,-1,-1
58,21,928.00,228.00,126.67,85.67,0.44,-1,-1,-1
86,22,609.67,81.62,56.00,49.21,0.42,-1,-1,-1
87,22,610.00,81.42,55.33,49.33,0.41,-1,-1,-1
88,22,610.00,81.38,56.00,49.79,0.41,-1,-1,-1
89,22,609.67,80.96,56.67,50.04,0.40,-1,-1,-1
90,22,610.33,80.92,56.00,50.00,0.38,-1,-1,-1
91,22,610.33,80.33,56.67,50.33,0.38,-1,-1,-1
92,22,609.67,80.25,58.00,50.67,0.38,-1,-1,-1
93,22,605.33,81.08,58.67,55.17,0.20,-1,-1,-1
97,22,605.33,81.08,58.67,55.17,0.36,-1,-1,-1
98,22,487.33,156.58,114.00,91.42,0.44,-1,-1,-1
98,23,314.67,163.50,125.33,85.00,0.43,-1,-1,-1
99,24,408.00,218.67,146.00,108.67,0.40,-1,-1,-1
101,25,1091.33,174.00,174.67,88.67,0.43,-1,-1,-1
101,26,330.50,151.33,118.17,86.33,0.41,-1,-1,-1
103,27,379.33,113.42,118.67,78.58,0.45,-1,-1,-1
104,28,914.67,208.83,97.33,73.67,0.46,-1,-1,-1
106,29,482.67,151.67,109.33,93.33,0.41,-1,-1,-1
108,30,919.33,180.83,96.00,89.67,0.46,-1,-1,-1
108,31,439.33,42.38,148.00,100.29,0.42,-1,-1,-1
109,32,511.33,137.33,90.67,79.33,0.40,-1,-1,-1
111,33,490.00,137.08,103.33,90.92,0.44,-1,-1,-1
111,34,916.67,203.83,125.33,87.67,0.42,-1,-1,-1
114,35,509.67,133.08,94.67,83.08,0.41,-1,-1,-1
115,36,865.33,181.00,126.67,101.33,0.44,-1,-1,-1
117,37,784.00,71.21,53.33,49.46,0.40,-1,-1,-1
118,38,937.33,191.67,97.33,75.33,0.44,-1,-1,-1
121,39,944.67,206.17,121.33,85.33,0.44,-1,-1,-1
124,40,976.00,243.33,148.00,88.33,0.45,-1,-1,-1
127,41,937.33,214.50,118.67,86.33,0.43,-1,-1,-1
130,42,910.00,170.67,90.67,65.00,0.45,-1,-1,-1
133,43,958.67,256.17,142.67,101.83,0.45,-1,-1,-1
133,44,527.33,63.92,56.67,45.50,0.44,-1,-1,-1
134,44,518.00,69.25,56.67,47.67,0.40,-1,-1,-1
135,44,509.33,71.17,62.67,50.33,0.46,-1,-1,-1
135,45,869.33,167.67,113.33,83.00,0.46,-1,-1,-1
135,46,24.71,157.33,161.79,93.67,0.42,-1,-1,-1
136,44,505.33,73.58,63.33,50.83,0.45,-1,-1,-1
136,47,986.00,272.33,144.00,109.00,0.42,-1,-1,-1
137,44,505.67,74.00,62.00,50.33,0.44,-1,-1,-1
137,48,914.00,167.17,86.67,68.33,0.44,-1,-1,-1
138,44,505.00,73.46,62.67,51.04,0.45,-1,-1,-1
139,44,505.00,73.33,62.67,51.17,0.45,-1,-1,-1
139,49,767.33,34.02,34.67,26.81,0.43,-1,-1,-1
140,44,505.33,73.50,62.67,51.00,0.45,-1,-1,-1
140,50,806.67,295.50,128.00,110.50,0.43,-1,-1,-1
141,44,505.00,73.50,62.67,51.00,0.45,-1,-1,-1
141,51,799.33,159.83,76.00,71.33,0.45,-1,-1,-1
142,44,505.00,73.46,63.33,51.04,0.45,-1,-1,-1
143,44,505.00,73.58,63.33,51.00,0.45,-1,-1,-1
144,44,504.67,73.67,63.33,50.83,0.45,-1,-1,-1
145,44,504.67,73.46,63.33,51.04,0.45,-1,-1,-1
146,44,504.67,73.17,63.33,51.50,0.44,-1,-1,-1
147,44,504.67,73.17,63.33,51.50,0.44,-1,-1,-1
148,44,505.00,73.75,62.67,51.00,0.44,-1,-1,-1
149,44,504.67,74.00,62.67,50.83,0.44,-1,-1,-1
150,44,504.67,74.00,62.67,50.83,0.44,-1,-1,-1
151,44,504.67,74.00,62.67,50.67,0.44,-1,-1,-1
152,44,504.67,73.92,62.67,50.83,0.44,-1,-1,-1
153,44,504.67,74.21,62.67,50.62,0.44,-1,-1,-1
154,44,505.00,74.17,62.00,50.33,0.43,-1,-1,-1
155,44,505.33,74.17,62.00,50.17,0.44,-1,-1,-1
156,44,505.00,74.38,62.00,50.12,0.44,-1,-1,-1
156,52,607.33,78.50,59.33,48.67,0.43,-1,-1,-1
157,44,505.33,72.96,61.33,51.54,0.43,-1,-1,-1
157,52,605.00,78.08,58.00,54.83,0.41,-1,-1,-1
158,44,506.00,71.79,61.33,52.54,0.39,-1,-1,-1
158,52,603.33,76.33,60.00,56.83,0.17,-1,-1,-1
159,44,504.33,74.42,62.67,49.67,0.33,-1,-1,-1
159,52,600.67,74.04,63.33,59.62,0.15,-1,-1,-1
160,44,505.33,72.96,60.67,51.04,0.27,-1,-1,-1
160,53,1037.33,200.50,166.67,87.33,0.42,-1,-1,-1
161,44,506.33,73.17,60.67,51.33,0.36,-1,-1,-1
162,44,507.00,74.33,59.33,49.67,0.33,-1,-1,-1
163,44,506.00,74.83,60.67,49.67,0.30,-1,-1,-1
164,44,507.00,76.79,58.67,47.38,0.20,-1,-1,-1
165,44,506.67,75.79,59.33,48.04,0.42,-1,-1,-1
165,54,616.67,163.50,192.00,85.00,0.48,-1,-1,-1
166,44,505.67,75.00,60.67,49.67,0.38,-1,-1,-1
167,44,505.67,75.17,61.33,49.67,0.41,-1,-1,-1
168,44,506.33,75.08,60.67,49.67,0.41,-1,-1,-1
169,44,506.67,75.25,60.67,49.50,0.40,-1,-1,-1
170,44,506.33,75.08,60.67,49.67,0.39,-1,-1,-1
171,44,506.67,75.00,60.00,49.67,0.41,-1,-1,-1
172,44,506.67,74.71,60.00,50.12,0.38,-1,-1,-1
173,44,506.00,73.88,60.67,51.12,0.27,-1,-1,-1
174,44,505.67,73.29,60.00,51.21,0.12,-1,-1,-1
178,44,505.67,73.29,60.00,51.21,0.36,-1,-1,-1
179,44,503.67,71.17,62.00,52.83,0.15,-1,-1,-1
184,52,600.67,74.04,63.33,59.62,0.45,-1,-1,-1
186,55,534.00,128.17,90.00,69.67,0.42,-1,-1,-1
187,56,450.33,193.50,116.00,98.33,0.43,-1,-1,-1
188,57,37.67,222.67,125.00,82.00,0.41,-1,-1,-1
190,58,404.67,219.67,139.33,103.33,0.42,-1,-1,-1
192,59,501.67,151.33,95.33,73.67,0.43,-1,-1,-1
196,60,313.00,142.83,128.67,83.67,0.44,-1,-1,-1
196,61,514.33,124.83,91.33,81.83,0.41,-1,-1,-1
197,62,401.33,193.67,142.67,100.00,0.45,-1,-1,-1
197,63,958.67,227.50,130.67,94.33,0.42,-1,-1,-1
198,64,882.67,132.58,82.67,58.75,0.41,-1,-1,-1
200,65,376.33,125.67,96.00,59.33,0.43,-1,-1,-1
200,66,504.00,67.04,69.33,61.29,0.43,-1,-1,-1
201,65,411.67,102.67,100.67,77.50,0.39,-1,-1,-1
201,67,478.67,141.83,108.67,100.67,0.40,-1,-1,-1
202,68,966.00,258.83,146.67,101.83,0.43,-1,-1,-1
203,69,912.67,167.83,90.67,73.67,0.46,-1,-1,-1
203,70,595.67,82.00,61.33,48.17,0.43,-1,-1,-1
204,71,532.33,121.92,76.00,67.75,0.42,-1,-1,-1
205,72,411.67,196.33,126.00,102.67,0.45,-1,-1,-1
206,73,918.00,173.00,96.00,90.33,0.45,-1,-1,-1
207,74,455.67,95.17,75.33,59.17,0.41,-1,-1,-1
208,75,289.50,158.58,135.83,88.08,0.43,-1,-1,-1
209,76,447.67,160.42,128.67,108.25,0.46,-1,-1,-1
211,77,805.33,37.56,41.33,29.10,0.43,-1,-1,-1
212,78,638.33,0.00,42.67,38.73,0.40,-1,-1,-1
213,78,624.67,0.00,46.67,47.21,0.42,-1,-1,-1
214,78,611.67,0.00,52.67,54.75,0.42,-1,-1,-1
215,78,599.33,14.71,43.33,49.79,0.25,-1,-1,-1
216,78,577.00,12.52,54.00,60.73,0.18,-1,-1,-1
216,79,898.00,161.00,88.00,69.67,0.47,-1,-1,-1
217,78,562.00,10.54,66.67,70.58,0.22,-1,-1,-1
217,80,777.33,10.08,49.33,51.88,0.42,-1,-1,-1
218,78,553.33,19.02,66.67,68.23,0.44,-1,-1,-1
218,80,772.00,0.00,40.00,44.50,0.39,-1,-1,-1
218,81,946.67,238.67,128.00,100.00,0.45,-1,-1,-1
219,78,540.67,24.96,70.00,57.42,0.18,-1,-1,-1
220,78,527.00,21.17,71.33,85.42,0.17,-1,-1,-1
220,82,856.00,98.00,56.00,45.33,0.42,-1,-1,-1
221,78,518.33,29.12,78.67,72.88,0.40,-1,-1,-1
221,83,835.33,69.00,41.33,34.67,0.44,-1,-1,-1
222,78,511.33,27.62,71.33,86.38,0.41,-1,-1,-1
222,84,53.25,237.33,192.75,116.67,0.42,-1,-1,-1
223,78,507.67,26.88,71.33,88.79,0.41,-1,-1,-1
223,85,0.75,176.83,103.17,83.00,0.45,-1,-1,-1
224,78,505.00,28.12,73.33,89.21,0.36,-1,-1,-1
224,85,0.00,196.67,81.29,83.67,0.32,-1,-1,-1
225,78,505.00,28.21,72.67,89.29,0.36,-1,-1,-1
226,78,505.33,28.21,74.67,88.79,0.28,-1,-1,-1
226,86,16.92,244.33,164.75,77.67,0.45,-1,-1,-1
227,78,504.67,26.29,78.00,90.88,0.24,-1,-1,-1
228,78,504.67,29.71,78.67,88.46,0.36,-1,-1,-1
229,78,504.33,26.00,82.67,92.67,0.34,-1,-1,-1
230,78,504.00,25.92,84.00,92.67,0.37,-1,-1,-1
231,78,503.33,29.33,88.00,88.00,0.43,-1,-1,-1
231,87,32.50,244.50,193.50,113.50,0.41,-1,-1,-1
232,78,504.00,31.48,78.67,84.94,0.42,-1,-1,-1
233,78,504.67,31.60,92.00,83.15,0.34,-1,-1,-1
233,88,0.00,174.67,186.00,86.00,0.47,-1,-1,-1
234,78,506.00,31.88,88.67,82.46,0.15,-1,-1,-1
235,78,502.67,24.96,134.00,100.54,0.12,-1,-1,-1
236,78,501.00,33.94,95.33,81.15,0.10,-1,-1,-1
237,78,499.33,32.98,98.00,81.77,0.17,-1,-1,-1
238,78,500.33,33.77,97.33,81.23,0.16,-1,-1,-1
239,78,500.00,33.67,97.33,81.58,0.17,-1,-1,-1
240,78,499.67,33.29,98.00,82.38,0.17,-1,-1,-1
241,78,500.67,33.69,96.00,81.15,0.16,-1,-1,-1
242,78,501.00,34.04,94.00,80.62,0.19,-1,-1,-1
243,78,501.33,33.96,92.67,80.54,0.19,-1,-1,-1
244,78,511.00,17.25,154.00,114.42,0.31,-1,-1,-1
245,78,504.00,32.96,76.67,87.04,0.15,-1,-1,-1
246,78,502.33,35.02,68.00,83.15,0.18,-1,-1,-1
247,78,500.33,34.02,95.33,80.31,0.11,-1,-1,-1
248,78,500.33,33.52,94.00,81.15,0.12,-1,-1,-1
249,78,503.00,33.12,78.00,87.38,0.15,-1,-1,-1
250,78,501.33,33.92,91.33,79.92,0.11,-1,-1,-1
251,78,503.67,30.33,74.67,86.75,0.21,-1,-1,-1
252,78,504.67,32.67,71.33,82.17,0.14,-1,-1,-1
252,89,339.83,14.38,116.17,106.79,0.41,-1,-1,-1
253,78,504.00,35.56,64.67,82.02,0.21,-1,-1,-1
253,89,339.67,12.62,117.33,115.54,0.40,-1,-1,-1
254,78,503.00,33.33,68.67,85.50,0.26,-1,-1,-1
254,89,338.67,12.29,118.00,113.54,0.37,-1,-1,-1
255,78,504.33,33.90,72.00,83.19,0.29,-1,-1,-1
255,89,337.83,10.50,118.17,115.08,0.34,-1,-1,-1
256,78,503.00,33.48,68.67,84.69,0.26,-1,-1,-1
256,89,338.50,9.88,117.50,114.96,0.33,-1,-1,-1
257,78,503.33,33.19,68.67,85.31,0.28,-1,-1,-1
257,89,340.33,9.54,115.33,115.13,0.30,-1,-1,-1
258,78,502.67,33.44,70.00,85.06,0.23,-1,-1,-1
258,89,339.00,8.58,117.33,116.08,0.28,-1,-1,-1
259,78,503.00,33.96,68.67,84.21,0.21,-1,-1,-1
259,89,337.00,6.83,118.00,119.17,0.22,-1,-1,-1
260,78,503.00,33.10,68.67,84.98,0.22,-1,-1,-1
260,89,338.33,7.50,117.33,118.67,0.24,-1,-1,-1
261,78,502.33,33.15,69.33,85.19,0.22,-1,-1,-1
261,89,338.83,9.21,117.83,116.96,0.29,-1,-1,-1
262,78,493.33,30.00,77.33,85.67,0.25,-1,-1,-1
262,89,340.33,11.71,114.67,114.96,0.25,-1,-1,-1
273,89,340.33,11.71,114.67,114.96,0.36,-1,-1,-1
274,89,352.00,17.75,109.33,111.75,0.26,-1,-1,-1
275,90,484.67,175.33,118.67,82.00,0.45,-1,-1,-1
280,91,482.00,158.33,110.00,85.33,0.44,-1,-1,-1
283,92,509.33,71.08,62.00,48.50,0.43,-1,-1,-1
283,93,422.67,118.67,91.33,72.33,0.42,-1,-1,-1
284,94,331.33,150.50,128.67,88.00,0.43,-1,-1,-1
284,95,481.00,83.67,66.00,52.33,0.42,-1,-1,-1
285,96,436.33,100.08,80.00,57.67,0.41,-1,-1,-1
286,97,372.00,127.50,100.67,65.00,0.45,-1,-1,-1
287,98,277.00,161.75,126.67,84.25,0.45,-1,-1,-1
288,99,439.33,191.33,137.33,101.00,0.44,-1,-1,-1
290,100,454.00,86.42,78.67,71.67,0.44,-1,-1,-1
290,101,886.00,251.67,146.67,109.67,0.42,-1,-1,-1
290,102,615.00,22.17,37.33,32.08,0.40,-1,-1,-1
290,89,352.00,17.75,109.33,111.75,0.37,-1,-1,-1
291,89,355.00,0.00,96.67,106.67,0.16,-1,-1,-1
291,103,383.33,124.33,99.33,80.83,0.40,-1,-1,-1
292,89,351.67,0.00,100.00,106.33,0.14,-1,-1,-1
292,104,258.00,172.00,144.67,93.00,0.41,-1,-1,-1
293,89,350.67,0.00,101.33,106.50,0.18,-1,-1,-1
294,105,490.00,140.67,104.67,93.00,0.45,-1,-1,-1
295,106,804.67,164.58,90.67,78.25,0.44,-1,-1,-1
295,107,386.00,124.17,94.67,65.50,0.44,-1,-1,-1
296,108,481.67,153.17,104.67,86.00,0.45,-1,-1,-1
297,109,910.67,164.00,86.67,75.67,0.41,-1,-1,-1
301,110,336.33,146.33,121.33,83.00,0.42,-1,-1,-1
308,89,350.67,0.00,101.33,106.50,0.31,-1,-1,-1
309,89,349.33,0.50,102.67,104.08,0.27,-1,-1,-1
310,89,351.33,0.00,100.67,106.17,0.26,-1,-1,-1
311,89,353.00,0.00,99.33,106.00,0.31,-1,-1,-1
312,89,352.00,0.00,99.33,106.17,0.19,-1,-1,-1
313,89,352.33,0.00,98.67,105.83,0.24,-1,-1,-1
313,111,27.17,198.67,177.33,102.67,0.44,-1,-1,-1
314,89,352.00,0.00,99.33,105.67,0.26,-1,-1,-1
315,89,353.00,0.00,98.00,105.83,0.22,-1,-1,-1
316,89,352.67,0.00,99.33,106.08,0.18,-1,-1,-1
316,112,920.00,169.83,105.33,94.67,0.43,-1,-1,-1
317,89,352.00,0.00,100.00,105.67,0.20,-1,-1,-1
318,89,350.33,0.00,102.00,105.67,0.28,-1,-1,-1
319,89,350.33,0.00,102.00,105.50,0.30,-1,-1,-1
319,113,941.33,203.33,101.33,84.00,0.45,-1,-1,-1
320,89,350.67,0.00,101.33,106.50,0.24,-1,-1,-1
321,89,351.00,0.00,100.67,106.50,0.24,-1,-1,-1
322,89,351.00,0.00,100.67,106.42,0.19,-1,-1,-1
323,89,350.67,0.00,101.33,106.25,0.20,-1,-1,-1
324,89,350.00,0.00,102.00,105.83,0.27,-1,-1,-1
325,89,350.00,0.00,102.00,105.58,0.26,-1,-1,-1
325,114,611.33,77.92,55.33,46.50,0.40,-1,-1,-1
326,89,352.67,0.00,99.33,106.33,0.27,-1,-1,-1
326,114,611.00,77.96,55.33,46.21,0.39,-1,-1,-1
327,89,353.33,0.00,98.67,106.42,0.27,-1,-1,-1
327,114,610.67,77.75,56.00,46.50,0.39,-1,-1,-1
328,89,352.33,0.00,100.00,106.25,0.26,-1,-1,-1
328,114,611.00,77.67,56.00,46.67,0.40,-1,-1,-1
329,89,354.67,0.00,97.33,106.50,0.23,-1,-1,-1
329,114,611.00,77.67,56.00,46.67,0.40,-1,-1,-1
330,89,351.33,0.00,100.67,106.08,0.27,-1,-1,-1
330,114,611.33,77.54,56.00,46.96,0.41,-1,-1,-1
331,89,353.33,0.00,98.67,106.33,0.26,-1,-1,-1
331,114,611.00,77.33,56.67,47.17,0.41,-1,-1,-1
332,89,351.67,0.00,100.00,106.17,0.21,-1,-1,-1
332,114,611.33,77.54,56.67,47.12,0.41,-1,-1,-1
333,89,352.33,0.00,99.33,106.17,0.24,-1,-1,-1
333,114,611.33,77.42,56.67,47.17,0.41,-1,-1,-1
334,89,351.67,0.00,100.67,106.00,0.21,-1,-1,-1
334,114,611.33,77.92,54.67,46.50,0.39,-1,-1,-1
335,89,352.67,0.00,99.33,106.17,0.20,-1,-1,-1
335,114,611.33,78.04,54.67,46.46,0.38,-1,-1,-1
336,89,350.00,0.00,102.00,105.17,0.29,-1,-1,-1
336,114,611.33,77.92,55.33,46.50,0.39,-1,-1,-1
337,89,351.00,0.00,100.67,105.00,0.29,-1,-1,-1
337,114,611.67,77.67,56.00,46.83,0.39,-1,-1,-1
338,89,350.67,0.00,101.33,105.50,0.26,-1,-1,-1
338,114,611.67,77.42,56.00,47.00,0.39,-1,-1,-1
339,89,350.67,0.00,101.33,105.50,0.26,-1,-1,-1
339,114,611.67,77.46,56.00,46.88,0.40,-1,-1,-1
340,89,351.33,0.00,101.33,105.83,0.28,-1,-1,-1
340,114,611.67,77.33,55.33,47.17,0.40,-1,-1,-1
341,89,352.00,0.00,100.00,105.83,0.24,-1,-1,-1
341,114,611.67,77.25,54.67,47.17,0.40,-1,-1,-1
342,89,351.33,0.00,100.67,106.83,0.22,-1,-1,-1
342,114,613.00,78.17,52.67,46.00,0.39,-1,-1,-1
343,89,353.33,0.00,98.00,106.67,0.12,-1,-1,-1
343,114,613.00,74.17,54.00,50.83,0.30,-1,-1,-1
344,89,354.67,0.00,96.67,106.50,0.19,-1,-1,-1
344,114,613.00,74.25,54.67,50.83,0.30,-1,-1,-1
345,89,355.00,0.00,96.67,107.00,0.17,-1,-1,-1
345,114,612.33,72.50,58.00,52.83,0.22,-1,-1,-1
346,89,354.67,0.00,97.33,106.67,0.25,-1,-1,-1
347,89,355.00,0.00,96.67,106.25,0.20,-1,-1,-1
348,89,355.00,0.00,96.00,105.75,0.21,-1,-1,-1
349,89,352.33,0.00,98.67,106.17,0.21,-1,-1,-1
350,89,352.00,0.00,100.00,105.92,0.30,-1,-1,-1
351,89,349.67,0.00,102.67,105.17,0.34,-1,-1,-1
352,89,352.67,0.00,98.67,105.92,0.28,-1,-1,-1
353,89,356.67,0.00,95.33,107.00,0.25,-1,-1,-1
354,89,356.33,0.00,95.33,106.83,0.24,-1,-1,-1
355,89,356.67,0.00,94.67,106.42,0.18,-1,-1,-1
356,89,355.33,0.00,96.67,106.33,0.19,-1,-1,-1
363,115,2.88,202.83,116.62,74.67,0.43,-1,-1,-1
366,116,178.67,159.75,88.67,45.58,0.44,-1,-1,-1
367,117,600.00,555.67,140.00,70.67,0.45,-1,-1,-1
388,118,513.33,203.50,138.67,60.00,0.44,-1,-1,-1
389,119,344.00,183.00,134.00,54.33,0.42,-1,-1,-1
408,120,326.83,174.33,134.50,59.00,0.47,-1,-1,-1
409,121,165.67,153.17,89.67,51.00,0.43,-1,-1,-1
416,122,227.83,171.67,101.67,43.33,0.44,-1,-1,-1
425,123,213.33,407.00,96.33,52.00,0.42,-1,-1,-1
429,124,463.67,493.67,108.00,54.00,0.43,-1,-1,-1
438,125,39.58,288.33,144.42,72.67,0.41,-1,-1,-1
442,126,184.50,473.67,62.67,52.00,0.41,-1,-1,-1
458,127,490.33,194.67,136.67,59.00,0.48,-1,-1,-1
459,128,285.50,175.33,105.83,49.00,0.45,-1,-1,-1
460,129,118.17,150.25,80.00,46.42,0.41,-1,-1,-1
473,130,793.33,589.00,72.00,44.00,0.42,-1,-1,-1
475,131,559.33,522.67,67.33,44.00,0.41,-1,-1,-1
477,132,969.33,653.00,106.67,60.33,0.41,-1,-1,-1
479,133,4.50,188.50,93.92,48.33,0.41,-1,-1,-1
482,134,169.58,235.17,168.75,74.67,0.42,-1,-1,-1
483,134,206.67,242.17,164.67,78.33,0.43,-1,-1,-1
485,134,206.67,242.17,164.67,78.33,0.40,-1,-1,-1
486,134,240.33,253.00,187.00,90.67,0.34,-1,-1,-1
488,134,240.33,253.00,187.00,90.67,0.46,-1,-1,-1
489,134,234.50,250.83,188.83,79.67,0.43,-1,-1,-1
490,134,233.67,247.33,193.00,88.00,0.43,-1,-1,-1
490,135,528.67,492.67,96.00,51.33,0.44,-1,-1,-1
491,134,238.50,250.83,187.50,83.00,0.42,-1,-1,-1
492,134,238.17,250.17,185.17,81.67,0.41,-1,-1,-1
492,136,287.00,169.00,132.67,61.33,0.46,-1,-1,-1
493,134,234.00,247.33,193.00,87.33,0.41,-1,-1,-1
494,134,238.67,251.67,184.67,79.67,0.38,-1,-1,-1
495,134,250.83,253.83,191.17,92.17,0.38,-1,-1,-1
496,134,327.67,264.83,162.00,80.83,0.18,-1,-1,-1
516,137,283.50,162.42,137.83,67.25,0.44,-1,-1,-1
521,138,534.00,207.50,188.67,76.67,0.42,-1,-1,-1
522,139,286.17,184.33,148.17,69.33,0.46,-1,-1,-1
523,140,108.08,163.50,107.92,57.33,0.42,-1,-1,-1
534,141,0.00,189.67,159.33,88.00,0.42,-1,-1,-1
540,142,744.67,592.33,81.33,40.67,0.43,-1,-1,-1
544,143,0.00,203.83,121.08,69.67,0.45,-1,-1,-1
545,144,135.00,242.83,183.67,84.33,0.45,-1,-1,-1
560,145,576.67,222.50,151.33,65.67,0.40,-1,-1,-1
562,146,200.67,172.50,106.00,50.33,0.43,-1,-1,-1
571,147,330.33,423.33,94.67,54.00,0.41,-1,-1,-1
575,148,177.67,180.50,129.33,59.33,0.41,-1,-1,-1
581,149,111.25,148.67,73.08,45.33,0.48,-1,-1,-1
583,150,201.17,160.67,91.33,46.67,0.42,-1,-1,-1
613,151,399.33,180.17,100.00,44.33,0.42,-1,-1,-1
615,152,284.00,179.83,116.00,48.00,0.43,-1,-1,-1
616,153,149.17,158.08,78.00,45.25,0.41,-1,-1,-1
620,154,317.17,181.33,118.83,49.00,0.47,-1,-1,-1
621,155,173.50,157.67,93.00,48.33,0.45,-1,-1,-1
621,156,1070.00,493.33,144.00,72.00,0.43,-1,-1,-1
675,157,702.67,556.67,76.00,44.00,0.45,-1,-1,-1
678,158,302.33,195.17,60.00,44.00,0.44,-1,-1,-1
680,159,304.00,177.00,128.00,57.67,0.41,-1,-1,-1
682,160,521.67,202.33,166.33,66.33,0.41,-1,-1,-1
683,161,255.50,172.83,97.17,51.00,0.45,-1,-1,-1
684,162,1218.00,402.67,62.00,70.00,0.40,-1,-1,-1
697,163,170.83,180.00,107.33,51.33,0.41,-1,-1,-1
706,164,372.33,648.67,90.67,59.33,0.43,-1,-1,-1
724,165,1092.00,393.00,104.00,36.00,0.40,-1,-1,-1
727,166,887.33,282.50,150.67,89.17,0.40,-1,-1,-1
728,167,615.67,217.00,103.67,79.33,0.42,-1,-1,-1
729,168,595.33,185.33,76.00,57.00,0.45,-1,-1,-1
729,169,739.33,202.67,84.00,56.67,0.45,-1,-1,-1
729,170,711.33,259.83,117.33,86.83,0.44,-1,-1,-1
731,171,730.00,313.00,153.33,92.67,0.42,-1,-1,-1
737,172,791.33,250.50,120.00,62.67,0.42,-1,-1,-1
754,173,266.67,317.33,124.67,110.67,0.42,-1,-1,-1
756,174,778.00,230.33,106.67,69.00,0.46,-1,-1,-1
756,175,632.33,233.83,105.67,75.33,0.43,-1,-1,-1
845,176,750.67,216.67,90.67,60.67,0.46,-1,-1,-1
846,177,686.00,179.00,68.00,48.67,0.44,-1,-1,-1
847,178,646.33,157.17,54.33,38.33,0.45,-1,-1,-1
848,179,621.00,142.25,45.33,30.75,0.44,-1,-1,-1
849,180,605.67,130.42,36.00,26.67,0.47,-1,-1,-1
852,181,700.67,194.17,85.33,56.33,0.42,-1,-1,-1
860,182,812.00,615.00,176.00,77.00,0.43,-1,-1,-1
870,183,1020.67,299.83,102.67,61.17,0.44,-1,-1,-1
871,183,983.33,317.67,106.67,58.00,0.38,-1,-1,-1
882,184,0.00,473.00,75.42,63.33,0.43,-1,-1,-1
883,185,407.33,165.58,50.67,50.92,0.43,-1,-1,-1
883,186,0.00,440.33,113.50,62.67,0.40,-1,-1,-1
887,187,377.33,210.00,65.33,69.33,0.42,-1,-1,-1
890,188,721.33,270.67,110.67,71.67,0.43,-1,-1,-1
891,188,724.00,238.33,108.00,66.67,0.37,-1,-1,-1
891,189,1084.00,390.33,109.33,38.00,0.43,-1,-1,-1
891,190,744.00,239.83,82.67,59.33,0.41,-1,-1,-1
892,188,728.00,214.83,82.67,54.00,0.26,-1,-1,-1
892,189,1084.00,390.33,110.67,38.00,0.40,-1,-1,-1
893,188,705.33,192.33,74.67,47.67,0.21,-1,-1,-1
893,189,1087.33,390.67,105.33,37.33,0.37,-1,-1,-1
894,189,1086.67,390.00,106.67,38.67,0.37,-1,-1,-1
895,189,1085.33,390.33,108.00,38.00,0.40,-1,-1,-1
896,189,1084.67,390.33,109.33,38.00,0.41,-1,-1,-1
896,191,518.00,156.83,130.00,54.33,0.40,-1,-1,-1
897,189,1083.33,389.67,110.67,38.67,0.40,-1,-1,-1
898,189,1084.00,389.67,110.67,38.67,0.40,-1,-1,-1
899,189,1084.00,390.33,109.33,38.00,0.41,-1,-1,-1
900,189,1083.33,390.33,110.67,38.00,0.40,-1,-1,-1
901,189,1085.33,390.67,106.67,38.00,0.40,-1,-1,-1
902,189,1084.67,390.67,108.00,38.00,0.42,-1,-1,-1
903,189,1086.00,390.67,106.67,38.00,0.41,-1,-1,-1
904,189,1086.00,390.67,106.67,38.00,0.41,-1,-1,-1
905,189,1086.00,391.00,108.00,38.00,0.37,-1,-1,-1
906,189,1090.67,391.00,110.67,37.33,0.42,-1,-1,-1
907,189,1088.67,393.33,104.00,36.00,0.38,-1,-1,-1
909,192,675.33,275.67,113.33,92.33,0.43,-1,-1,-1
910,193,632.00,227.83,88.67,63.00,0.43,-1,-1,-1
911,194,783.33,229.83,106.67,66.33,0.45,-1,-1,-1
911,195,601.67,192.67,64.00,50.00,0.41,-1,-1,-1
912,196,729.33,198.00,82.67,58.67,0.43,-1,-1,-1
914,197,659.00,157.00,55.67,45.33,0.42,-1,-1,-1
935,198,677.00,255.50,102.33,81.00,0.42,-1,-1,-1
936,199,616.67,200.17,76.67,58.67,0.46,-1,-1,-1
940,200,816.67,273.83,138.67,91.50,0.43,-1,-1,-1
941,201,719.33,209.50,88.00,60.33,0.46,-1,-1,-1
942,202,666.00,169.67,61.33,50.67,0.41,-1,-1,-1
945,203,722.00,312.83,144.00,93.83,0.41,-1,-1,-1
949,204,970.00,245.17,149.33,102.83,0.41,-1,-1,-1
950,205,834.00,202.00,98.67,67.67,0.47,-1,-1,-1
951,206,754.67,174.67,70.67,48.00,0.42,-1,-1,-1
965,207,464.67,570.33,67.33,53.33,0.41,-1,-1,-1
975,208,708.00,210.17,72.00,70.67,0.45,-1,-1,-1
978,209,643.00,153.75,47.00,37.42,0.43,-1,-1,-1
1033,210,617.67,145.42,46.00,35.58,0.40,-1,-1,-1
1088,211,494.00,321.50,109.33,69.17,0.43,-1,-1,-1
1089,212,436.33,299.00,62.67,47.33,0.44,-1,-1,-1
1090,213,406.67,292.17,42.67,31.67,0.41,-1,-1,-1
1091,214,475.33,317.33,87.33,59.33,0.44,-1,-1,-1
1092,215,425.67,298.00,54.00,41.67,0.42,-1,-1,-1
1139,216,141.83,322.17,78.33,71.83,0.43,-1,-1,-1
1145,217,568.00,327.00,140.00,74.00,0.46,-1,-1,-1
1178,218,440.67,304.33,73.33,55.67,0.43,-1,-1,-1
1180,219,515.00,323.50,106.00,64.50,0.45,-1,-1,-1
1181,220,450.00,300.33,58.67,44.67,0.41,-1,-1,-1
1182,221,415.67,290.17,37.33,32.00,0.42,-1,-1,-1
1183,222,486.33,320.00,86.00,66.00,0.45,-1,-1,-1
1187,223,443.33,290.00,38.67,28.67,0.44,-1,-1,-1
1188,224,497.33,324.00,120.00,84.67,0.46,-1,-1,-1
1189,225,622.00,322.50,124.00,64.50,0.47,-1,-1,-1
1210,226,535.67,337.00,149.67,84.67,0.41,-1,-1,-1
1215,227,499.33,333.17,114.67,70.17,0.47,-1,-1,-1
1216,228,427.67,302.83,56.67,42.50,0.44,-1,-1,-1
1217,229,392.67,295.17,42.00,25.00,0.42,-1,-1,-1
1240,230,662.33,333.33,144.33,82.67,0.45,-1,-1,-1
1270,231,499.00,325.50,100.67,67.50,0.43,-1,-1,-1
1274,232,469.00,313.00,84.67,59.33,0.44,-1,-1,-1
1276,233,458.67,317.83,91.33,56.83,0.43,-1,-1,-1
1277,234,409.00,300.50,48.67,32.33,0.44,-1,-1,-1
1279,235,467.00,311.00,86.67,60.00,0.41,-1,-1,-1
1283,236,666.67,330.67,141.33,78.00,0.46,-1,-1,-1
1362,237,574.33,327.83,145.67,88.17,0.44,-1,-1,-1
1363,238,467.67,307.00,82.00,51.33,0.42,-1,-1,-1
1364,239,610.00,323.50,116.00,59.50,0.46,-1,-1,-1
1428,240,497.00,316.67,99.33,60.67,0.45,-1,-1,-1
1429,241,431.67,299.50,57.33,41.17,0.43,-1,-1,-1
1430,242,403.33,289.83,38.00,29.33,0.44,-1,-1,-1
1490,243,918.00,184.33,113.33,73.00,0.44,-1,-1,-1
1518,244,806.00,112.50,58.67,52.83,0.42,-1,-1,-1
1533,245,828.67,311.17,69.33,42.83,0.42,-1,-1,-1
1539,246,875.33,393.33,117.33,107.33,0.43,-1,-1,-1
1576,247,998.67,212.33,125.33,87.67,0.42,-1,-1,-1
1577,248,939.33,155.67,89.33,66.67,0.40,-1,-1,-1
1587,249,766.00,3.50,96.00,44.25,0.42,-1,-1,-1
1588,249,766.67,3.64,89.33,42.41,0.31,-1,-1,-1
1589,249,762.67,1.60,85.33,41.48,0.36,-1,-1,-1
1590,249,764.67,0.00,76.00,41.88,0.19,-1,-1,-1
1591,249,765.33,0.28,77.33,36.84,0.33,-1,-1,-1
1592,249,768.67,0.00,64.00,34.96,0.38,-1,-1,-1
1595,250,932.67,184.17,110.67,70.00,0.40,-1,-1,-1
1595,249,768.67,0.00,64.00,34.96,0.32,-1,-1,-1
1596,249,768.00,2.31,81.33,45.85,0.13,-1,-1,-1
1597,249,766.00,0.17,76.00,42.92,0.33,-1,-1,-1
1687,251,826.00,188.67,101.33,74.33,0.41,-1,-1,-1
1717,252,835.33,265.33,140.00,97.33,0.43,-1,-1,-1
1718,253,832.00,149.17,68.00,59.67,0.41,-1,-1,-1
1734,254,457.00,131.75,73.33,58.92,0.42,-1,-1,-1
1742,255,514.67,89.83,72.00,80.17,0.40,-1,-1,-1
1748,256,500.33,99.33,77.33,80.50,0.43,-1,-1,-1
1750,257,981.33,256.83,133.33,81.67,0.45,-1,-1,-1
1751,258,910.67,179.00,109.33,67.33,0.44,-1,-1,-1
1774,259,634.33,46.25,36.00,37.92,0.40,-1,-1,-1
1813,260,1071.33,0.00,182.67,71.62,0.42,-1,-1,-1
1814,260,1071.33,0.00,181.33,70.50,0.41,-1,-1,-1
1815,260,1070.67,0.00,184.00,70.25,0.42,-1,-1,-1
1816,260,1069.33,0.00,185.33,70.08,0.42,-1,-1,-1
1817,260,1068.00,0.00,185.33,69.25,0.39,-1,-1,-1
1818,260,1068.00,0.00,185.33,69.25,0.39,-1,-1,-1
1819,260,1065.33,0.00,190.67,70.17,0.40,-1,-1,-1
1820,260,1065.33,0.00,190.67,70.17,0.41,-1,-1,-1
1821,260,1066.00,0.00,189.33,70.33,0.41,-1,-1,-1
1822,260,1066.67,0.00,189.33,70.50,0.41,-1,-1,-1
1823,260,1068.67,0.00,186.67,70.58,0.41,-1,-1,-1
1824,260,1066.67,0.00,189.33,70.75,0.40,-1,-1,-1
1824,261,2.15,34.44,79.10,68.15,0.42,-1,-1,-1
1825,260,1064.67,0.00,192.00,71.38,0.37,-1,-1,-1
1826,260,1064.67,0.00,192.00,71.38,0.37,-1,-1,-1
1827,260,1067.33,0.00,189.33,70.33,0.38,-1,-1,-1
1828,260,1068.00,0.00,188.00,70.38,0.38,-1,-1,-1
1829,260,1068.00,0.00,186.67,70.42,0.33,-1,-1,-1
1830,260,1072.00,0.00,182.67,69.71,0.26,-1,-1,-1
1831,260,1073.33,0.00,181.33,72.67,0.36,-1,-1,-1
1832,260,1077.33,0.00,177.33,71.21,0.35,-1,-1,-1
1833,260,1078.00,0.00,176.00,70.92,0.37,-1,-1,-1
1834,260,1074.00,0.00,178.67,70.58,0.40,-1,-1,-1
1834,262,710.00,0.00,169.33,66.96,0.40,-1,-1,-1
1835,260,1066.67,0.00,188.00,69.92,0.39,-1,-1,-1
1836,260,1062.67,0.00,194.67,70.96,0.39,-1,-1,-1
1837,260,1067.33,0.00,186.67,68.83,0.37,-1,-1,-1
1838,260,1067.33,0.00,186.67,68.83,0.37,-1,-1,-1
1839,260,1072.00,0.00,184.00,69.75,0.38,-1,-1,-1
1840,260,1072.00,0.00,184.00,69.75,0.38,-1,-1,-1
1841,260,1067.33,0.00,188.00,70.12,0.42,-1,-1,-1
1842,260,1068.67,0.00,185.33,69.33,0.41,-1,-1,-1
1843,260,1072.00,0.00,181.33,69.00,0.40,-1,-1,-1
1844,260,1070.67,0.00,181.33,68.42,0.39,-1,-1,-1
1844,263,575.67,33.23,102.00,46.69,0.42,-1,-1,-1
1845,260,1069.33,0.00,184.00,68.58,0.40,-1,-1,-1
1845,263,556.00,34.02,100.67,43.56,0.39,-1,-1,-1
1846,260,1068.67,0.00,186.67,69.08,0.41,-1,-1,-1
1846,263,529.33,26.44,84.67,45.48,0.43,-1,-1,-1
1847,260,1068.00,0.00,185.33,68.79,0.40,-1,-1,-1
1848,260,1066.67,0.00,188.00,68.83,0.41,-1,-1,-1
1848,264,428.67,10.81,68.67,34.60,0.43,-1,-1,-1
1849,260,1068.00,0.00,188.00,69.38,0.41,-1,-1,-1
1850,260,1064.67,0.00,188.00,69.79,0.41,-1,-1,-1
1851,260,1069.33,0.00,185.33,69.08,0.36,-1,-1,-1
1852,260,1069.33,0.00,185.33,68.62,0.31,-1,-1,-1
1853,260,1072.00,0.00,182.67,68.21,0.26,-1,-1,-1
1854,260,1071.33,0.00,182.67,68.25,0.26,-1,-1,-1
1855,260,1078.67,0.00,173.33,66.92,0.20,-1,-1,-1
1856,260,1078.67,0.00,173.33,66.92,0.20,-1,-1,-1
1857,265,286.50,57.58,93.50,60.67,0.47,-1,-1,-1
1857,266,544.67,42.17,93.33,43.25,0.42,-1,-1,-1
1858,267,440.00,17.79,68.67,36.54,0.42,-1,-1,-1
1861,260,1078.67,0.00,173.33,66.92,0.38,-1,-1,-1
1862,260,1073.33,0.00,180.00,69.46,0.38,-1,-1,-1
1863,260,1077.33,0.00,176.00,69.21,0.34,-1,-1,-1
1863,268,276.50,48.67,95.50,63.83,0.43,-1,-1,-1
1864,260,1076.67,0.00,177.33,69.29,0.34,-1,-1,-1
1864,268,276.50,48.50,95.50,64.08,0.43,-1,-1,-1
1865,260,1078.67,0.00,174.67,68.88,0.33,-1,-1,-1
1866,260,1078.00,0.00,176.00,69.58,0.26,-1,-1,-1
1867,260,1076.00,0.00,177.33,69.96,0.34,-1,-1,-1
1868,260,1076.67,0.00,177.33,70.25,0.36,-1,-1,-1
1869,260,1074.67,0.00,180.00,69.62,0.38,-1,-1,-1
1870,260,1073.33,0.00,180.00,69.67,0.39,-1,-1,-1
1871,260,1073.33,0.00,181.33,70.33,0.36,-1,-1,-1
1872,260,1073.33,0.00,181.33,70.42,0.36,-1,-1,-1
1873,260,1078.67,0.00,176.00,69.71,0.33,-1,-1,-1
1874,260,1078.67,0.00,176.00,69.71,0.33,-1,-1,-1
1875,260,1078.67,0.00,174.67,69.42,0.25,-1,-1,-1
1876,260,1070.00,0.00,185.33,69.92,0.30,-1,-1,-1
1877,260,1073.33,0.00,178.67,69.42,0.30,-1,-1,-1
1878,260,1070.67,0.00,182.67,69.50,0.33,-1,-1,-1
1879,260,1070.67,0.00,184.00,69.58,0.34,-1,-1,-1
1880,260,1070.00,0.00,184.00,68.75,0.34,-1,-1,-1
1881,260,1078.00,0.00,176.00,68.58,0.29,-1,-1,-1
1882,260,1078.00,0.00,176.00,68.54,0.29,-1,-1,-1
1883,260,1076.00,0.00,180.00,70.92,0.32,-1,-1,-1
1884,260,1076.00,0.00,180.00,70.88,0.32,-1,-1,-1
1885,260,1145.33,0.00,109.33,72.12,0.13,-1,-1,-1
1886,260,1066.67,0.00,192.00,73.79,0.25,-1,-1,-1
1887,260,1073.33,0.00,181.33,71.29,0.24,-1,-1,-1
1888,260,1073.33,0.00,181.33,71.25,0.24,-1,-1,-1
1889,260,1081.33,0.00,170.67,72.00,0.10,-1,-1,-1
1890,260,1080.67,0.00,172.00,72.17,0.10,-1,-1,-1
1891,260,1082.00,0.00,170.67,70.67,0.15,-1,-1,-1
1892,260,1077.33,0.00,178.67,70.92,0.16,-1,-1,-1
1893,260,1085.33,0.00,165.33,68.96,0.14,-1,-1,-1
1894,260,1085.33,0.00,164.00,68.42,0.13,-1,-1,-1
1895,260,1087.33,0.00,161.33,67.96,0.16,-1,-1,-1
1896,260,1088.67,0.00,161.33,68.58,0.15,-1,-1,-1
1897,260,1088.00,0.00,160.00,68.08,0.13,-1,-1,-1
1897,269,209.33,4.62,43.00,29.79,0.43,-1,-1,-1
1898,260,1088.00,0.00,160.00,68.08,0.13,-1,-1,-1
1898,269,209.33,4.62,43.00,29.79,0.43,-1,-1,-1
1899,260,1086.67,0.00,162.67,69.17,0.12,-1,-1,-1
1900,260,1086.67,0.00,162.67,69.08,0.12,-1,-1,-1
1901,260,1085.33,0.00,164.00,68.92,0.15,-1,-1,-1
1902,260,1086.00,0.00,162.67,68.71,0.14,-1,-1,-1
1903,260,1088.00,0.00,156.00,67.08,0.09,-1,-1,-1
1904,260,1136.00,0.00,126.67,70.71,0.13,-1,-1,-1
1905,260,1088.00,0.00,156.00,67.33,0.10,-1,-1,-1
1906,260,1088.00,0.00,156.00,67.25,0.10,-1,-1,-1
1907,260,1138.00,0.00,124.00,69.71,0.13,-1,-1,-1
1908,260,1138.00,0.00,124.00,69.58,0.13,-1,-1,-1
1909,260,1086.00,0.00,161.33,68.42,0.09,-1,-1,-1
1910,260,1086.00,0.00,161.33,68.42,0.09,-1,-1,-1
1911,260,1087.33,0.00,161.33,66.92,0.12,-1,-1,-1
1912,260,1135.33,0.00,128.00,70.79,0.10,-1,-1,-1
1913,260,1085.33,0.00,164.00,67.75,0.17,-1,-1,-1
1914,260,1068.00,0.00,188.00,74.96,0.27,-1,-1,-1
1915,260,1075.33,0.00,178.67,69.12,0.19,-1,-1,-1
1916,260,1076.00,0.00,180.00,68.67,0.19,-1,-1,-1
1917,260,670.67,0.00,141.33,77.75,0.13,-1,-1,-1
1918,260,671.00,0.00,141.00,77.67,0.13,-1,-1,-1
1919,260,780.00,0.00,94.67,56.00,0.14,-1,-1,-1
1920,260,1085.33,0.00,164.00,67.75,0.09,-1,-1,-1
1921,260,1133.33,0.00,116.00,71.25,0.11,-1,-1,-1
1922,260,1084.67,0.00,165.33,68.33,0.10,-1,-1,-1
1923,260,1082.67,0.00,166.67,69.50,0.10,-1,-1,-1
1923,270,209.00,1.16,45.67,33.76,0.42,-1,-1,-1
1924,260,1081.33,0.00,168.00,69.79,0.09,-1,-1,-1
1924,270,211.00,5.64,34.00,29.16,0.32,-1,-1,-1
1925,260,1082.00,0.00,168.00,69.83,0.13,-1,-1,-1
1925,270,211.50,0.00,42.00,33.83,0.29,-1,-1,-1
1926,260,1081.33,0.00,169.33,69.46,0.14,-1,-1,-1
1927,260,1083.33,0.00,166.67,68.96,0.11,-1,-1,-1
1928,260,1082.00,0.00,169.33,69.75,0.10,-1,-1,-1
1929,260,1079.33,0.00,173.33,70.58,0.12,-1,-1,-1
1930,260,1143.33,0.00,112.00,72.25,0.13,-1,-1,-1
1931,260,1142.67,0.00,113.33,73.00,0.09,-1,-1,-1
1932,260,1142.00,0.00,113.33,73.00,0.09,-1,-1,-1
1933,260,1144.67,0.00,110.67,72.12,0.14,-1,-1,-1
1934,260,1144.67,0.00,110.67,72.12,0.14,-1,-1,-1
1935,260,1070.67,0.00,184.00,69.83,0.25,-1,-1,-1
1936,260,1077.33,0.00,176.00,69.71,0.14,-1,-1,-1
1936,273,497.00,2.00,60.67,34.25,0.42,-1,-1,-1
1937,260,1143.33,0.00,112.00,72.58,0.16,-1,-1,-1
1938,260,1134.67,0.00,114.67,70.88,0.13,-1,-1,-1
1939,260,1133.33,0.00,116.00,70.92,0.11,-1,-1,-1
1939,274,261.67,54.75,91.33,62.67,0.46,-1,-1,-1
1940,260,1133.33,0.00,116.00,71.00,0.11,-1,-1,-1
1940,274,261.67,54.67,91.33,62.67,0.46,-1,-1,-1
1941,260,1146.67,0.00,106.67,71.50,0.17,-1,-1,-1
1942,260,1146.67,0.00,106.67,71.50,0.17,-1,-1,-1
1943,260,1144.67,0.00,109.33,71.33,0.14,-1,-1,-1
1944,260,1145.33,0.00,109.33,71.46,0.15,-1,-1,-1
1945,260,1144.67,0.00,109.33,71.67,0.17,-1,-1,-1
1946,260,1144.00,0.00,110.67,72.00,0.17,-1,-1,-1
1947,260,1144.00,0.00,110.67,71.92,0.16,-1,-1,-1
1948,260,1144.67,0.00,109.33,71.67,0.16,-1,-1,-1
1949,260,1146.00,0.00,108.00,71.08,0.22,-1,-1,-1
1950,260,1147.33,0.00,108.00,70.33,0.29,-1,-1,-1
1951,260,1146.67,0.00,109.33,70.42,0.26,-1,-1,-1
1952,260,1146.67,0.00,109.33,70.29,0.27,-1,-1,-1
1953,260,1076.67,0.00,178.67,73.08,0.31,-1,-1,-1
1954,260,1148.00,0.00,106.67,70.17,0.27,-1,-1,-1
1954,275,4.15,35.71,76.85,68.96,0.43,-1,-1,-1
1955,260,1071.33,0.00,184.00,72.54,0.35,-1,-1,-1
1955,275,1.17,37.31,79.13,68.02,0.38,-1,-1,-1
1956,260,1072.67,0.00,182.67,72.67,0.34,-1,-1,-1
1956,275,1.08,37.62,79.12,67.54,0.38,-1,-1,-1
1957,260,1076.00,0.00,177.33,72.29,0.36,-1,-1,-1
1957,275,2.67,34.48,78.33,69.10,0.30,-1,-1,-1
1958,260,1076.00,0.00,177.33,72.21,0.35,-1,-1,-1
1958,275,2.67,34.29,78.33,69.21,0.30,-1,-1,-1
1959,260,1147.33,0.00,106.67,70.46,0.27,-1,-1,-1
1959,275,0.00,31.75,79.50,73.83,0.14,-1,-1,-1
1960,260,1074.00,0.00,180.00,69.50,0.31,-1,-1,-1
1961,260,1072.00,0.00,182.67,71.50,0.32,-1,-1,-1
1962,260,1072.00,0.00,182.67,71.58,0.32,-1,-1,-1
1963,260,1073.33,0.00,180.00,71.04,0.28,-1,-1,-1
1964,260,1073.33,0.00,180.00,71.00,0.28,-1,-1,-1
1965,260,1072.00,0.00,182.67,71.67,0.36,-1,-1,-1
1966,260,1073.33,0.00,181.33,71.62,0.35,-1,-1,-1
1967,260,1072.00,0.00,182.67,70.67,0.35,-1,-1,-1
1967,275,0.00,31.75,79.50,73.83,0.39,-1,-1,-1
1968,260,1072.00,0.00,182.67,70.67,0.36,-1,-1,-1
1968,275,6.88,30.60,73.42,73.15,0.39,-1,-1,-1
1969,260,1072.00,0.00,182.67,71.46,0.35,-1,-1,-1
1969,275,6.12,31.40,74.58,72.35,0.38,-1,-1,-1
1970,260,1072.00,0.00,182.67,71.46,0.35,-1,-1,-1
1970,275,6.21,31.33,74.42,72.50,0.38,-1,-1,-1
1971,260,1071.33,0.00,182.67,69.75,0.39,-1,-1,-1
1971,275,6.42,27.92,74.08,76.58,0.31,-1,-1,-1
1972,260,1070.67,0.00,184.00,69.62,0.39,-1,-1,-1
1972,275,6.33,27.81,74.17,76.77,0.30,-1,-1,-1
1973,260,1068.67,0.00,186.67,71.33,0.39,-1,-1,-1
1973,275,4.40,26.40,76.35,78.85,0.34,-1,-1,-1
1974,260,1068.67,0.00,186.67,71.46,0.39,-1,-1,-1
1974,275,4.29,26.58,76.50,78.67,0.34,-1,-1,-1
1975,260,1066.67,0.00,189.33,70.00,0.37,-1,-1,-1
1975,275,0.00,40.83,81.00,65.50,0.35,-1,-1,-1
1976,260,1066.00,0.00,190.67,70.04,0.37,-1,-1,-1
1976,275,0.00,40.92,81.00,65.25,0.34,-1,-1,-1
1977,260,1065.33,0.00,190.67,69.96,0.36,-1,-1,-1
1978,260,1065.33,0.00,190.67,69.96,0.36,-1,-1,-1
1979,260,1062.00,0.00,194.67,70.67,0.36,-1,-1,-1
1980,260,1062.00,0.00,194.67,70.54,0.37,-1,-1,-1
1981,260,1148.67,0.00,104.00,72.25,0.10,-1,-1,-1
1982,260,1148.67,0.00,104.00,72.25,0.10,-1,-1,-1
1983,260,1079.33,0.00,170.67,70.46,0.11,-1,-1,-1
1984,260,1080.00,0.00,170.67,70.42,0.10,-1,-1,-1
1985,260,1063.33,0.00,192.00,69.50,0.39,-1,-1,-1
1986,260,1064.00,0.00,192.00,69.54,0.39,-1,-1,-1
1987,260,1065.33,0.00,189.33,69.96,0.33,-1,-1,-1
1988,260,1065.33,0.00,190.67,72.83,0.27,-1,-1,-1
1989,260,1061.33,0.00,196.00,73.08,0.37,-1,-1,-1
1990,260,1060.67,0.00,196.00,73.38,0.35,-1,-1,-1
1991,260,1062.67,0.00,193.33,70.75,0.40,-1,-1,-1
1992,260,1062.00,0.00,194.67,71.12,0.38,-1,-1,-1
1993,260,1063.33,0.00,192.00,70.75,0.34,-1,-1,-1
1994,260,1063.33,0.00,192.00,70.75,0.34,-1,-1,-1
1995,260,1062.67,0.00,192.00,70.08,0.38,-1,-1,-1
1996,260,1063.33,0.00,192.00,70.04,0.38,-1,-1,-1
1997,260,1064.00,0.00,189.33,69.62,0.38,-1,-1,-1
1998,260,1064.67,0.00,190.67,69.75,0.37,-1,-1,-1
1999,260,1064.67,0.00,192.00,70.62,0.32,-1,-1,-1
2000,260,1071.33,0.00,184.00,70.17,0.16,-1,-1,-1
2001,260,1064.00,0.00,192.00,69.75,0.34,-1,-1,-1
2002,260,1066.00,0.00,189.33,68.79,0.34,-1,-1,-1
2003,260,1060.67,0.00,196.00,70.46,0.35,-1,-1,-1
2004,260,1062.00,0.00,194.67,70.58,0.35,-1,-1,-1
2005,260,1062.00,0.00,194.67,71.17,0.39,-1,-1,-1
2006,260,1064.00,0.00,193.33,70.42,0.38,-1,-1,-1
2007,260,1064.67,0.00,192.00,70.21,0.37,-1,-1,-1
2008,260,1064.00,0.00,193.33,70.12,0.38,-1,-1,-1
2009,260,1065.33,0.00,192.00,69.79,0.38,-1,-1,-1
2010,260,1066.00,0.00,190.67,69.67,0.38,-1,-1,-1
2011,260,1075.33,0.00,180.00,71.33,0.23,-1,-1,-1
2012,260,1075.33,0.00,180.00,71.38,0.24,-1,-1,-1
2015,260,1075.33,0.00,180.00,71.38,0.36,-1,-1,-1
2016,260,1064.00,0.00,193.33,71.33,0.33,-1,-1,-1
2017,260,1062.67,0.00,193.33,71.46,0.36,-1,-1,-1
2018,260,1060.67,0.00,196.00,71.62,0.38,-1,-1,-1
2019,260,1063.33,0.00,193.33,70.75,0.37,-1,-1,-1
2020,260,1064.67,0.00,192.00,71.17,0.29,-1,-1,-1
2021,260,1072.67,0.00,182.67,70.67,0.21,-1,-1,-1
2022,260,1072.00,0.00,184.00,70.67,0.21,-1,-1,-1
2025,260,1072.00,0.00,184.00,70.67,0.35,-1,-1,-1
2026,260,1084.00,0.00,165.33,66.42,0.11,-1,-1,-1
2027,260,1073.33,0.00,178.67,67.67,0.24,-1,-1,-1
2027,276,401.67,48.50,108.00,66.33,0.40,-1,-1,-1
2028,260,1071.33,0.00,181.33,67.58,0.27,-1,-1,-1
2029,260,1069.33,0.00,184.00,68.46,0.38,-1,-1,-1
2030,260,1070.67,0.00,181.33,68.17,0.36,-1,-1,-1
2031,260,1069.33,0.00,184.00,68.83,0.39,-1,-1,-1
2032,260,1070.67,0.00,182.67,69.08,0.40,-1,-1,-1
2032,277,448.00,0.00,50.67,32.17,0.41,-1,-1,-1
2033,260,1072.00,0.00,182.67,68.96,0.35,-1,-1,-1
2034,260,1072.67,0.00,181.33,68.83,0.35,-1,-1,-1
2035,260,1077.33,0.00,177.33,70.25,0.41,-1,-1,-1
2035,278,5.65,33.00,74.35,73.58,0.43,-1,-1,-1
2036,260,1077.33,0.00,177.33,70.25,0.41,-1,-1,-1
2036,278,5.60,32.88,74.40,73.79,0.44,-1,-1,-1
2037,260,1077.33,0.00,176.00,72.62,0.40,-1,-1,-1
2037,278,0.00,39.92,80.54,67.58,0.45,-1,-1,-1
2038,260,1077.33,0.00,174.67,71.46,0.38,-1,-1,-1
2038,278,0.33,42.42,80.17,65.92,0.41,-1,-1,-1
2039,260,1078.00,0.00,176.00,72.33,0.40,-1,-1,-1
2039,278,0.00,42.25,80.54,65.83,0.42,-1,-1,-1
2040,260,1080.00,0.00,173.33,73.38,0.33,-1,-1,-1
2040,278,2.71,40.38,77.58,70.46,0.40,-1,-1,-1
2041,260,1076.00,0.00,178.67,71.88,0.36,-1,-1,-1
2041,278,4.62,39.54,75.25,69.79,0.41,-1,-1,-1
2042,260,1076.00,0.00,178.67,71.88,0.36,-1,-1,-1
2042,278,4.58,39.54,75.33,69.79,0.41,-1,-1,-1
2043,260,1124.00,0.00,125.33,68.25,0.26,-1,-1,-1
2043,278,1.98,32.02,78.94,75.73,0.42,-1,-1,-1
2044,260,1124.00,0.00,125.33,68.33,0.26,-1,-1,-1
2044,278,2.12,31.75,78.83,76.00,0.41,-1,-1,-1
2045,260,1082.67,0.00,170.67,72.29,0.20,-1,-1,-1
2046,260,1071.33,0.00,185.33,70.67,0.38,-1,-1,-1
2047,260,1066.67,0.00,189.33,69.25,0.33,-1,-1,-1
2048,260,1061.33,0.00,200.00,68.25,0.40,-1,-1,-1
2049,260,1072.67,0.00,182.67,72.79,0.39,-1,-1,-1
2050,260,1071.33,0.00,182.67,71.88,0.31,-1,-1,-1
2051,260,1076.00,0.00,178.67,71.71,0.33,-1,-1,-1
2052,260,1074.67,0.00,180.00,71.21,0.33,-1,-1,-1
2052,278,2.12,31.75,78.83,76.00,0.31,-1,-1,-1
2053,260,1074.00,0.00,181.33,70.83,0.38,-1,-1,-1
2053,278,4.17,28.92,76.38,77.00,0.40,-1,-1,-1
2054,260,1076.00,0.00,177.33,70.33,0.33,-1,-1,-1
2054,278,3.19,30.98,77.40,75.69,0.41,-1,-1,-1
2055,260,1074.67,0.00,181.33,71.54,0.39,-1,-1,-1
2055,278,2.88,30.44,77.62,77.15,0.40,-1,-1,-1
2056,260,1074.00,0.00,182.67,71.71,0.40,-1,-1,-1
2056,278,2.92,30.29,77.63,77.21,0.40,-1,-1,-1
2057,260,1074.67,0.00,178.67,70.71,0.34,-1,-1,-1
2057,278,2.90,31.96,77.85,75.21,0.43,-1,-1,-1
2058,260,1074.67,0.00,178.67,70.71,0.35,-1,-1,-1
2058,278,2.96,31.85,77.83,75.40,0.42,-1,-1,-1
2059,260,1076.67,0.00,177.33,70.25,0.37,-1,-1,-1
2059,278,3.23,29.56,77.44,76.69,0.37,-1,-1,-1
2060,260,1076.00,0.00,177.33,70.88,0.37,-1,-1,-1
2060,278,3.33,29.00,77.38,77.25,0.37,-1,-1,-1
2061,260,1078.00,0.00,176.00,70.33,0.36,-1,-1,-1
2061,278,3.19,30.48,77.56,76.44,0.40,-1,-1,-1
2062,260,1075.33,0.00,180.00,70.29,0.31,-1,-1,-1
2062,278,2.73,37.88,78.60,68.96,0.42,-1,-1,-1
2063,260,1067.33,0.00,190.67,72.75,0.17,-1,-1,-1
2063,278,3.83,29.48,76.67,77.52,0.38,-1,-1,-1
2064,260,1068.00,0.00,189.33,72.75,0.17,-1,-1,-1
2064,278,3.83,29.33,76.75,77.67,0.38,-1,-1,-1
2065,260,1088.00,0.00,162.67,73.29,0.18,-1,-1,-1
2065,278,3.98,32.29,76.27,75.54,0.39,-1,-1,-1
2066,260,1088.00,0.00,162.67,73.29,0.18,-1,-1,-1
2066,278,4.00,32.33,76.25,75.50,0.39,-1,-1,-1
2067,260,1070.67,0.00,186.67,74.21,0.34,-1,-1,-1
2067,278,3.83,29.65,76.25,77.52,0.34,-1,-1,-1
2068,260,1070.67,0.00,186.67,74.12,0.34,-1,-1,-1
2068,278,3.83,29.65,76.25,77.52,0.33,-1,-1,-1
2069,260,1081.33,0.00,174.67,75.75,0.37,-1,-1,-1
2069,278,3.81,26.21,76.85,81.29,0.32,-1,-1,-1
2070,260,1080.00,0.00,174.67,73.00,0.34,-1,-1,-1
2070,278,2.42,29.52,78.50,77.48,0.33,-1,-1,-1
2071,260,1074.67,0.00,180.00,72.08,0.40,-1,-1,-1
2071,278,1.73,30.31,78.69,74.94,0.30,-1,-1,-1
2072,260,1074.00,0.00,181.33,72.29,0.42,-1,-1,-1
2072,278,0.67,35.54,79.83,70.12,0.42,-1,-1,-1
2073,260,1075.33,0.00,178.67,71.92,0.41,-1,-1,-1
2073,278,0.00,36.17,81.00,69.25,0.42,-1,-1,-1
2074,260,1074.00,0.00,178.67,71.46,0.39,-1,-1,-1
2074,278,0.00,37.04,81.33,68.79,0.43,-1,-1,-1
2075,260,1074.00,0.00,181.33,72.75,0.41,-1,-1,-1
2075,278,0.00,39.60,81.96,65.81,0.41,-1,-1,-1
2076,260,1074.00,0.00,181.33,72.71,0.41,-1,-1,-1
2076,278,0.00,39.25,82.00,66.17,0.42,-1,-1,-1
2077,260,1072.67,0.00,181.33,71.46,0.37,-1,-1,-1
2077,278,0.19,37.50,81.65,67.00,0.45,-1,-1,-1
2077,279,541.33,1.42,94.67,43.12,0.40,-1,-1,-1
2078,260,1072.67,0.00,181.33,71.46,0.37,-1,-1,-1
2078,278,0.17,37.46,81.75,67.04,0.45,-1,-1,-1
2078,279,541.33,1.42,94.67,43.12,0.40,-1,-1,-1
2079,260,1078.00,0.00,176.00,71.54,0.38,-1,-1,-1
2079,278,3.00,31.04,80.83,67.12,0.30,-1,-1,-1
2080,260,1078.00,0.00,174.67,71.25,0.36,-1,-1,-1
2080,278,0.00,50.96,78.42,52.54,0.33,-1,-1,-1
2081,260,1067.33,0.00,188.00,71.88,0.36,-1,-1,-1
2081,278,0.33,31.83,86.83,73.75,0.23,-1,-1,-1
2082,260,1072.00,0.00,184.00,72.17,0.34,-1,-1,-1
2082,278,0.38,31.73,86.29,74.19,0.35,-1,-1,-1
2083,260,1073.33,0.00,181.33,70.46,0.37,-1,-1,-1
2084,260,1072.67,0.00,181.33,70.58,0.37,-1,-1,-1
2085,260,1068.67,0.00,186.67,70.42,0.32,-1,-1,-1
2086,260,1068.67,0.00,186.67,70.33,0.32,-1,-1,-1
2087,260,1077.33,0.00,174.67,68.54,0.27,-1,-1,-1
2088,260,1076.67,0.00,174.67,69.17,0.18,-1,-1,-1
2089,260,1075.33,0.00,177.33,70.92,0.25,-1,-1,-1
2090,260,801.33,0.00,218.67,114.25,0.18,-1,-1,-1
2091,260,1084.00,0.00,165.33,68.17,0.12,-1,-1,-1
2092,260,1072.67,0.00,181.33,70.42,0.14,-1,-1,-1
2093,260,795.33,0.00,224.00,116.17,0.21,-1,-1,-1
2094,260,797.33,0.00,221.33,116.33,0.20,-1,-1,-1
2095,260,1082.67,0.00,169.33,68.42,0.19,-1,-1,-1
2096,260,1081.33,0.00,170.67,68.33,0.19,-1,-1,-1
2097,260,758.67,0.00,254.67,115.33,0.23,-1,-1,-1
2098,260,1088.67,0.00,160.00,68.42,0.09,-1,-1,-1
2098,280,158.25,0.00,44.25,34.79,0.40,-1,-1,-1
2099,260,1077.33,0.00,176.00,68.50,0.21,-1,-1,-1
2099,280,158.17,0.00,45.33,34.88,0.40,-1,-1,-1
2100,260,1075.33,0.00,178.67,68.88,0.26,-1,-1,-1
2100,280,157.67,0.00,43.33,34.92,0.39,-1,-1,-1
2101,260,1079.33,0.00,177.33,67.92,0.24,-1,-1,-1
2101,280,159.92,0.00,43.08,35.46,0.42,-1,-1,-1
2102,260,1079.33,0.00,177.33,67.83,0.24,-1,-1,-1
2102,280,159.92,0.00,43.08,35.46,0.42,-1,-1,-1
2103,260,1080.00,0.00,177.33,68.17,0.23,-1,-1,-1
2104,260,1080.00,0.00,177.33,68.04,0.24,-1,-1,-1
2105,260,1076.00,0.00,180.00,69.08,0.29,-1,-1,-1
2106,260,1074.67,0.00,182.67,69.25,0.31,-1,-1,-1
2106,281,900.00,0.00,89.33,33.88,0.43,-1,-1,-1
2107,260,1072.67,0.00,184.00,69.75,0.32,-1,-1,-1
2107,281,900.00,0.00,89.33,33.62,0.43,-1,-1,-1
2108,260,1071.33,0.00,186.67,69.58,0.31,-1,-1,-1
2108,281,839.33,0.00,102.67,34.85,0.13,-1,-1,-1
2109,260,1085.33,0.00,165.33,67.67,0.12,-1,-1,-1
2109,281,838.67,0.00,105.33,32.73,0.21,-1,-1,-1
2109,282,947.33,260.67,120.00,70.00,0.41,-1,-1,-1
2109,283,463.00,8.47,72.00,40.91,0.40,-1,-1,-1
2110,260,1085.33,0.00,165.33,67.62,0.12,-1,-1,-1
2110,281,838.67,0.00,105.33,32.73,0.21,-1,-1,-1
2110,282,948.00,261.17,118.67,69.67,0.41,-1,-1,-1
2110,283,463.00,8.47,72.00,40.86,0.40,-1,-1,-1
2111,260,1134.00,0.00,113.33,70.21,0.12,-1,-1,-1
2111,281,839.33,0.00,102.67,31.67,0.22,-1,-1,-1
2112,260,1134.00,0.00,113.33,70.17,0.12,-1,-1,-1
2112,281,839.33,0.00,102.67,31.58,0.22,-1,-1,-1
2113,260,1080.00,0.00,173.33,68.50,0.14,-1,-1,-1
2113,281,839.33,0.00,102.67,32.33,0.17,-1,-1,-1
2114,260,1081.33,0.00,168.00,68.42,0.21,-1,-1,-1
2114,281,840.00,0.00,102.67,32.62,0.18,-1,-1,-1
2115,260,1077.33,0.00,176.00,69.54,0.19,-1,-1,-1
2115,281,840.00,0.00,101.33,34.83,0.11,-1,-1,-1
2116,260,1071.33,0.00,185.33,70.08,0.29,-1,-1,-1
2116,281,840.67,0.00,100.00,34.08,0.14,-1,-1,-1
2117,260,1082.00,0.00,168.00,70.04,0.12,-1,-1,-1
2117,281,840.00,0.00,101.33,32.71,0.10,-1,-1,-1
2118,260,1082.67,0.00,166.67,70.04,0.12,-1,-1,-1
2118,281,840.00,0.00,101.33,32.62,0.10,-1,-1,-1
2119,260,1072.67,0.00,182.67,70.96,0.15,-1,-1,-1
2119,281,840.67,0.00,101.33,33.21,0.10,-1,-1,-1
2120,260,1072.00,0.00,184.00,71.12,0.16,-1,-1,-1
2120,281,840.67,0.00,101.33,33.17,0.10,-1,-1,-1
2121,260,1074.67,0.00,180.00,69.83,0.17,-1,-1,-1
2122,260,1074.67,0.00,180.00,69.88,0.17,-1,-1,-1
2123,260,1070.00,0.00,185.33,71.04,0.25,-1,-1,-1
2124,260,1070.67,0.00,184.00,70.92,0.26,-1,-1,-1
2125,260,1073.33,0.00,182.67,71.00,0.28,-1,-1,-1
2126,260,1073.33,0.00,182.67,71.00,0.28,-1,-1,-1
2127,260,1076.00,0.00,177.33,70.58,0.23,-1,-1,-1
2128,260,1076.00,0.00,177.33,70.58,0.22,-1,-1,-1
2129,260,1072.00,0.00,184.00,71.04,0.29,-1,-1,-1
2130,260,1072.00,0.00,184.00,71.00,0.29,-1,-1,-1
2131,260,1071.33,0.00,185.33,70.96,0.28,-1,-1,-1
2132,260,1071.33,0.00,185.33,71.12,0.27,-1,-1,-1
2133,260,1070.00,0.00,185.33,70.62,0.32,-1,-1,-1
2134,260,1070.67,0.00,184.00,70.71,0.33,-1,-1,-1
2135,260,1069.33,0.00,186.67,70.46,0.32,-1,-1,-1
2136,260,1069.33,0.00,186.67,70.33,0.32,-1,-1,-1
2137,260,1070.00,0.00,182.67,69.50,0.37,-1,-1,-1
2138,260,1070.00,0.00,182.67,69.50,0.37,-1,-1,-1
2139,260,1076.00,0.00,178.67,69.92,0.15,-1,-1,-1
2140,260,1077.33,0.00,177.33,70.00,0.15,-1,-1,-1
2141,260,1076.67,0.00,178.67,70.25,0.29,-1,-1,-1
2142,260,1076.67,0.00,178.67,70.00,0.29,-1,-1,-1
2143,260,1068.67,0.00,185.33,68.54,0.33,-1,-1,-1
2144,260,1068.67,0.00,185.33,68.58,0.33,-1,-1,-1
2145,260,1072.00,0.00,181.33,70.17,0.29,-1,-1,-1
2146,260,1072.00,0.00,181.33,70.21,0.30,-1,-1,-1
2147,260,1073.33,0.00,178.67,70.00,0.23,-1,-1,-1
2148,260,1073.33,0.00,178.67,70.04,0.23,-1,-1,-1
2149,260,1079.33,0.00,170.67,70.00,0.13,-1,-1,-1
2150,260,1079.33,0.00,170.67,70.00,0.13,-1,-1,-1
2151,260,1080.00,0.00,170.67,69.75,0.15,-1,-1,-1
2151,284,424.67,85.00,137.33,98.50,0.40,-1,-1,-1
2152,260,1080.00,0.00,170.67,69.92,0.15,-1,-1,-1
2152,284,424.67,85.33,137.33,98.17,0.40,-1,-1,-1
2153,260,1073.33,0.00,181.33,71.17,0.22,-1,-1,-1
2153,284,466.33,124.67,162.00,96.67,0.37,-1,-1,-1
2154,260,1073.33,0.00,181.33,71.29,0.22,-1,-1,-1
2154,284,466.33,124.42,162.00,96.92,0.37,-1,-1,-1
2155,260,1145.33,0.00,109.33,71.67,0.12,-1,-1,-1
2155,284,472.33,124.67,169.33,102.00,0.34,-1,-1,-1
2156,260,1145.33,0.00,109.33,71.75,0.11,-1,-1,-1
2156,284,473.00,124.83,168.67,101.67,0.34,-1,-1,-1
2157,260,1077.33,0.00,176.00,70.17,0.16,-1,-1,-1
2157,284,475.33,124.58,170.00,102.42,0.38,-1,-1,-1
2158,260,1077.33,0.00,176.00,70.17,0.17,-1,-1,-1
2158,284,475.33,124.67,170.00,102.33,0.38,-1,-1,-1
2159,260,1070.67,0.00,185.33,71.17,0.19,-1,-1,-1
2159,284,477.00,125.33,170.00,100.67,0.41,-1,-1,-1
2160,260,1071.33,0.00,184.00,71.17,0.18,-1,-1,-1
2160,284,477.33,125.50,170.00,100.67,0.41,-1,-1,-1
2161,285,1116.00,111.00,116.00,97.33,0.42,-1,-1,-1
2162,285,1115.33,111.00,116.00,99.00,0.40,-1,-1,-1
2162,286,1114.00,5.96,134.67,90.88,0.40,-1,-1,-1
2163,285,1115.33,111.00,116.00,99.17,0.41,-1,-1,-1
2163,286,1113.33,6.88,136.00,89.79,0.39,-1,-1,-1
2164,285,1116.00,111.67,116.00,98.17,0.41,-1,-1,-1
2164,286,1113.33,7.17,136.00,89.42,0.38,-1,-1,-1
2165,285,1115.33,111.67,117.33,98.00,0.41,-1,-1,-1
2165,286,1114.00,6.12,134.67,90.71,0.40,-1,-1,-1
2166,285,1116.67,111.17,114.67,97.00,0.41,-1,-1,-1
2166,286,1113.33,6.50,136.00,90.25,0.39,-1,-1,-1
2167,285,1116.67,111.25,114.67,97.08,0.40,-1,-1,-1
2167,286,1114.00,7.12,134.67,89.54,0.39,-1,-1,-1
2168,285,1116.67,110.92,114.67,97.42,0.41,-1,-1,-1
2168,286,1114.67,7.92,134.67,89.33,0.41,-1,-1,-1
2169,285,1116.67,111.00,114.67,97.50,0.41,-1,-1,-1
2169,286,1114.67,7.79,134.67,89.54,0.41,-1,-1,-1
2170,285,1115.33,110.92,116.00,97.42,0.40,-1,-1,-1
2170,286,1114.67,8.17,134.67,89.17,0.41,-1,-1,-1
2171,285,1115.33,110.83,116.00,97.67,0.40,-1,-1,-1
2171,286,1110.67,6.25,137.33,91.00,0.37,-1,-1,-1
2172,285,1116.00,111.17,114.67,97.67,0.39,-1,-1,-1
2172,286,1111.33,5.75,137.33,91.50,0.38,-1,-1,-1
2173,285,1116.67,111.58,114.67,97.42,0.40,-1,-1,-1
2173,286,1110.67,6.17,138.67,91.00,0.36,-1,-1,-1
2174,285,1116.67,111.50,114.67,97.33,0.40,-1,-1,-1
2174,286,1110.00,6.54,138.67,90.79,0.38,-1,-1,-1
2175,285,1115.33,111.42,116.00,97.58,0.40,-1,-1,-1
2175,286,1110.67,5.04,137.33,92.29,0.39,-1,-1,-1
2175,287,287.33,528.00,32.33,29.33,0.41,-1,-1,-1
2176,285,1116.00,111.50,116.00,96.67,0.42,-1,-1,-1
2176,286,1108.67,5.33,140.00,91.42,0.37,-1,-1,-1
2177,285,1115.33,111.50,117.33,95.67,0.43,-1,-1,-1
2177,286,1108.67,5.12,140.00,91.21,0.35,-1,-1,-1
2178,285,1116.00,111.67,118.67,95.50,0.43,-1,-1,-1
2178,286,1110.67,4.42,138.67,91.50,0.36,-1,-1,-1
2179,285,1114.67,110.17,120.00,95.67,0.43,-1,-1,-1
2179,286,1113.33,3.17,134.67,93.17,0.31,-1,-1,-1
2180,285,1116.00,111.17,117.33,97.33,0.43,-1,-1,-1
2180,286,1112.67,4.88,136.00,91.96,0.34,-1,-1,-1
2181,285,1116.00,111.58,114.67,94.08,0.38,-1,-1,-1
2181,286,1114.00,6.17,134.67,91.25,0.34,-1,-1,-1
2182,285,1114.00,108.50,117.33,103.17,0.35,-1,-1,-1
2182,286,1112.00,5.92,136.00,92.17,0.40,-1,-1,-1
2183,285,1114.00,109.17,117.33,103.33,0.33,-1,-1,-1
2183,286,1110.00,5.71,138.67,91.62,0.37,-1,-1,-1
2184,285,1115.33,107.92,116.00,103.08,0.37,-1,-1,-1
2184,286,1112.67,6.92,136.00,90.92,0.38,-1,-1,-1
2185,285,1116.00,109.33,114.67,100.50,0.37,-1,-1,-1
2185,286,1110.67,6.00,137.33,91.67,0.40,-1,-1,-1
2186,285,1114.67,108.08,116.00,102.25,0.26,-1,-1,-1
2186,286,1112.67,6.25,136.00,91.67,0.40,-1,-1,-1
2187,285,1116.67,110.50,113.33,100.50,0.35,-1,-1,-1
2187,286,1112.00,7.12,136.00,90.04,0.37,-1,-1,-1
2188,285,1116.67,112.17,113.33,97.83,0.35,-1,-1,-1
2188,286,1112.00,6.38,137.33,91.29,0.36,-1,-1,-1
2189,285,1117.33,113.67,113.33,95.00,0.38,-1,-1,-1
2189,286,1110.67,4.75,138.67,92.50,0.34,-1,-1,-1
2190,285,1114.67,112.67,117.33,92.50,0.30,-1,-1,-1
2190,286,1104.67,5.21,145.33,92.96,0.30,-1,-1,-1
2191,285,1112.67,112.58,118.67,93.08,0.31,-1,-1,-1
2191,286,1104.00,5.92,146.67,92.50,0.23,-1,-1,-1
2192,285,1113.33,112.42,117.33,93.58,0.27,-1,-1,-1
2192,286,1106.00,7.58,144.00,91.00,0.28,-1,-1,-1
2193,285,1113.33,112.42,117.33,94.25,0.27,-1,-1,-1
2193,286,1106.67,7.62,144.00,90.88,0.24,-1,-1,-1
2194,285,1112.67,112.08,117.33,95.58,0.23,-1,-1,-1
2194,286,1108.00,7.71,142.67,90.46,0.26,-1,-1,-1
2194,288,59.25,98.17,87.67,104.00,0.40,-1,-1,-1
2195,285,1113.33,111.67,117.33,96.67,0.24,-1,-1,-1
2195,286,1108.67,7.12,141.33,91.21,0.29,-1,-1,-1
2195,288,59.00,96.83,87.50,105.17,0.40,-1,-1,-1
2195,289,524.67,102.17,44.67,35.33,0.42,-1,-1,-1
2196,285,1102.67,107.83,129.33,98.17,0.12,-1,-1,-1
2196,286,1106.67,7.00,144.00,91.42,0.27,-1,-1,-1
2196,288,59.08,95.50,87.17,106.67,0.39,-1,-1,-1
2197,285,1112.67,111.08,117.33,96.58,0.22,-1,-1,-1
2197,286,1106.67,6.96,144.00,91.21,0.27,-1,-1,-1
2197,288,58.92,95.67,86.83,105.17,0.40,-1,-1,-1
2198,285,1113.33,111.08,117.33,96.92,0.19,-1,-1,-1
2198,286,1120.67,7.79,129.33,89.88,0.23,-1,-1,-1
2198,288,58.88,97.00,86.62,102.17,0.40,-1,-1,-1
2199,285,1113.33,111.08,117.33,96.92,0.16,-1,-1,-1
2199,286,1120.00,15.90,129.33,82.94,0.19,-1,-1,-1
2199,288,58.79,96.42,86.54,103.58,0.40,-1,-1,-1
2200,285,1112.00,110.25,118.67,99.42,0.16,-1,-1,-1
2200,286,1120.00,15.27,129.33,83.48,0.17,-1,-1,-1
2200,288,59.17,95.83,86.17,103.50,0.39,-1,-1,-1
2201,285,1112.67,110.17,117.33,99.33,0.14,-1,-1,-1
2201,286,1116.67,10.54,125.33,88.13,0.24,-1,-1,-1
2201,288,58.88,94.83,86.29,104.00,0.39,-1,-1,-1
2202,285,1106.00,117.25,109.33,84.75,0.25,-1,-1,-1
2202,286,1116.67,10.50,126.67,88.33,0.24,-1,-1,-1
2202,288,58.96,97.08,85.88,101.58,0.40,-1,-1,-1
2203,285,1113.33,109.50,117.33,100.33,0.10,-1,-1,-1
2203,286,1116.67,10.62,125.33,88.04,0.23,-1,-1,-1
2203,288,59.00,97.50,86.00,102.00,0.41,-1,-1,-1
2204,285,1112.67,109.33,117.33,101.33,0.13,-1,-1,-1
2204,286,1116.00,10.42,126.67,88.17,0.22,-1,-1,-1
2204,288,59.17,97.42,86.00,102.25,0.38,-1,-1,-1
2205,285,1112.67,109.17,117.33,101.50,0.13,-1,-1,-1
2205,286,1115.33,8.58,133.33,89.00,0.23,-1,-1,-1
2205,288,58.71,95.00,86.46,104.00,0.37,-1,-1,-1
2206,285,1114.00,111.00,116.00,98.33,0.14,-1,-1,-1
2206,286,1116.67,10.62,125.33,87.88,0.22,-1,-1,-1
2206,288,58.71,98.42,86.29,99.92,0.41,-1,-1,-1
2207,285,1112.67,110.00,118.67,99.67,0.24,-1,-1,-1
2207,286,1116.00,10.62,126.67,87.88,0.22,-1,-1,-1
2207,288,59.12,97.42,87.04,101.58,0.41,-1,-1,-1
2208,285,1113.33,109.17,117.33,101.00,0.10,-1,-1,-1
2208,286,1118.00,7.38,132.00,90.29,0.21,-1,-1,-1
2208,288,58.42,101.33,86.83,94.83,0.41,-1,-1,-1
2209,285,1106.67,118.00,108.00,83.00,0.21,-1,-1,-1
2209,286,1116.67,9.17,133.33,88.50,0.22,-1,-1,-1
2209,288,59.21,99.00,86.79,100.17,0.39,-1,-1,-1
2210,285,1112.67,109.92,118.67,98.75,0.17,-1,-1,-1
2210,286,1116.00,10.79,126.67,87.88,0.22,-1,-1,-1
2210,288,58.96,99.00,86.54,97.83,0.39,-1,-1,-1
2211,285,1107.33,118.50,108.00,83.17,0.25,-1,-1,-1
2211,286,1116.67,7.29,133.33,90.54,0.17,-1,-1,-1
2211,288,57.88,98.17,85.46,92.83,0.37,-1,-1,-1
2212,285,1106.67,117.33,109.33,84.67,0.25,-1,-1,-1
2212,286,1116.00,7.21,133.33,90.96,0.19,-1,-1,-1
2213,285,1106.67,116.92,109.33,85.25,0.24,-1,-1,-1
2213,286,1119.33,16.42,129.33,82.67,0.15,-1,-1,-1
2213,288,57.88,98.17,85.46,92.83,0.38,-1,-1,-1
2214,285,1106.67,118.00,109.33,83.67,0.26,-1,-1,-1
2214,286,1118.00,7.46,132.00,90.21,0.17,-1,-1,-1
2214,288,58.29,96.67,86.38,100.33,0.37,-1,-1,-1
2215,285,1107.33,117.83,108.00,84.00,0.24,-1,-1,-1
2215,286,1118.00,6.08,130.67,92.17,0.21,-1,-1,-1
2215,288,58.71,98.33,85.96,99.00,0.39,-1,-1,-1
2216,285,1107.33,118.33,108.00,82.83,0.22,-1,-1,-1
2216,286,1117.33,7.04,133.33,90.79,0.17,-1,-1,-1
2216,288,58.42,95.50,86.00,103.33,0.37,-1,-1,-1
2217,285,1113.33,110.17,117.33,98.17,0.20,-1,-1,-1
2217,286,1116.67,6.96,133.33,90.88,0.18,-1,-1,-1
2217,288,58.33,96.33,85.83,101.83,0.38,-1,-1,-1
2218,285,1106.00,117.75,109.33,84.25,0.23,-1,-1,-1
2218,286,1115.33,6.62,134.67,91.21,0.20,-1,-1,-1
2218,288,58.54,96.17,86.62,102.67,0.38,-1,-1,-1
2219,285,1113.33,110.50,117.33,98.00,0.25,-1,-1,-1
2219,286,1114.00,6.92,136.00,91.00,0.20,-1,-1,-1
2219,288,58.62,96.00,86.54,102.50,0.37,-1,-1,-1
2220,285,1105.33,117.50,109.33,84.33,0.21,-1,-1,-1
2220,286,1112.67,7.21,137.33,90.79,0.20,-1,-1,-1
2220,288,58.50,97.33,86.33,100.83,0.38,-1,-1,-1
2221,285,1114.00,111.08,116.00,97.25,0.23,-1,-1,-1
2221,286,1112.00,5.92,137.33,92.50,0.26,-1,-1,-1
2221,288,58.67,97.83,86.67,101.00,0.38,-1,-1,-1
2222,285,1114.67,111.00,114.67,97.83,0.18,-1,-1,-1
2222,286,1112.67,5.71,136.00,92.96,0.24,-1,-1,-1
2222,288,58.75,100.08,86.83,97.25,0.40,-1,-1,-1
2223,285,1114.00,111.25,116.00,96.75,0.24,-1,-1,-1
2223,286,1111.33,5.75,138.67,92.67,0.23,-1,-1,-1
2223,288,58.62,98.25,86.21,99.42,0.39,-1,-1,-1
2224,285,1113.33,111.00,117.33,98.83,0.23,-1,-1,-1
2224,286,1114.00,5.75,136.00,92.50,0.27,-1,-1,-1
2224,288,59.00,95.92,85.33,102.42,0.37,-1,-1,-1
2225,285,1106.00,117.75,109.33,83.75,0.27,-1,-1,-1
2225,286,1114.67,5.42,134.67,93.17,0.30,-1,-1,-1
2225,288,58.79,95.75,84.88,101.58,0.36,-1,-1,-1
2226,285,1114.00,111.67,116.00,95.33,0.26,-1,-1,-1
2226,286,1113.33,6.08,137.33,92.17,0.19,-1,-1,-1
2226,288,58.88,101.00,87.29,97.33,0.42,-1,-1,-1
2227,285,1113.33,111.83,116.00,94.33,0.28,-1,-1,-1
2227,286,1113.33,6.08,137.33,92.00,0.20,-1,-1,-1
2227,288,59.54,100.33,86.29,101.00,0.38,-1,-1,-1
2228,285,1104.67,119.58,108.00,81.58,0.17,-1,-1,-1
2228,286,1117.33,6.50,133.33,91.50,0.24,-1,-1,-1
2229,285,1116.67,113.00,116.00,93.00,0.40,-1,-1,-1
2229,286,1111.33,2.83,137.33,94.58,0.35,-1,-1,-1
2230,285,1112.67,111.17,118.67,95.67,0.30,-1,-1,-1
2230,286,1116.67,6.58,133.33,91.42,0.19,-1,-1,-1
2231,285,1106.00,115.92,121.33,85.25,0.20,-1,-1,-1
2231,286,1116.67,7.50,132.00,90.58,0.24,-1,-1,-1
2231,288,59.54,100.33,86.29,101.00,0.37,-1,-1,-1
2232,285,1107.33,116.42,118.67,84.25,0.25,-1,-1,-1
2232,286,1115.33,7.46,133.33,90.38,0.23,-1,-1,-1
2232,288,59.29,100.83,86.88,99.00,0.41,-1,-1,-1
2233,285,1113.33,112.33,117.33,95.00,0.23,-1,-1,-1
2233,286,1114.67,6.42,134.67,91.67,0.19,-1,-1,-1
2233,288,59.08,99.50,86.83,100.83,0.39,-1,-1,-1
2234,285,1107.33,116.42,118.67,83.75,0.24,-1,-1,-1
2234,286,1116.00,7.12,133.33,90.88,0.23,-1,-1,-1
2234,288,59.33,99.67,86.83,102.50,0.41,-1,-1,-1
2235,285,1117.33,112.17,112.00,90.67,0.31,-1,-1,-1
2235,286,1115.33,4.21,133.33,93.62,0.36,-1,-1,-1
2235,288,59.21,94.75,83.63,102.58,0.15,-1,-1,-1
2236,285,1121.33,110.17,108.00,88.33,0.10,-1,-1,-1
2236,286,1120.67,8.25,129.33,89.33,0.26,-1,-1,-1
2236,288,59.08,98.75,86.67,98.58,0.33,-1,-1,-1
2237,285,1054.00,87.42,184.00,127.25,0.12,-1,-1,-1
2237,286,1119.33,8.71,130.67,89.12,0.24,-1,-1,-1
2237,288,58.88,99.33,86.79,100.67,0.39,-1,-1,-1
2238,285,1116.00,112.17,113.33,93.83,0.19,-1,-1,-1
2238,286,1118.67,7.04,130.67,90.79,0.22,-1,-1,-1
2238,288,59.17,98.33,87.50,103.50,0.39,-1,-1,-1
2239,285,1106.67,117.67,108.00,83.00,0.22,-1,-1,-1
2239,286,1118.00,8.50,132.00,89.17,0.22,-1,-1,-1
2239,288,59.17,98.83,86.67,102.00,0.38,-1,-1,-1
2240,285,1119.33,110.17,106.67,89.67,0.12,-1,-1,-1
2240,286,1117.33,8.50,132.00,89.00,0.22,-1,-1,-1
2240,288,59.33,101.33,87.83,100.00,0.41,-1,-1,-1
2241,285,1114.67,110.42,116.00,98.58,0.10,-1,-1,-1
2241,286,1118.00,5.33,132.00,92.83,0.17,-1,-1,-1
2241,288,59.38,98.33,86.62,101.83,0.38,-1,-1,-1
2242,285,1104.67,116.50,109.33,84.50,0.13,-1,-1,-1
2242,286,1118.67,5.58,130.67,92.92,0.19,-1,-1,-1
2242,288,58.42,94.67,84.17,98.83,0.22,-1,-1,-1
2243,285,1105.33,117.25,109.33,84.08,0.17,-1,-1,-1
2243,286,1118.00,5.58,132.00,92.50,0.16,-1,-1,-1
2244,285,1106.00,117.67,109.33,83.83,0.21,-1,-1,-1
2244,286,1116.67,5.58,133.33,92.50,0.18,-1,-1,-1
2244,288,58.42,94.67,84.17,98.83,0.37,-1,-1,-1
2245,285,1107.33,118.33,106.67,82.00,0.23,-1,-1,-1
2245,286,1118.00,5.67,130.67,92.67,0.25,-1,-1,-1
2245,288,59.33,95.75,86.00,105.25,0.38,-1,-1,-1
2246,285,1107.33,118.00,106.67,82.00,0.21,-1,-1,-1
2246,286,1116.67,5.50,133.33,92.67,0.18,-1,-1,-1
2246,288,59.58,100.50,86.33,100.17,0.40,-1,-1,-1
2247,285,1107.33,117.83,106.67,82.33,0.19,-1,-1,-1
2247,286,1112.00,4.42,138.67,93.83,0.20,-1,-1,-1
2247,288,59.54,97.67,86.96,104.67,0.37,-1,-1,-1
2248,285,1106.00,117.67,108.00,83.17,0.21,-1,-1,-1
2248,286,1115.33,4.96,134.67,93.38,0.15,-1,-1,-1
2248,288,59.33,98.83,86.67,101.83,0.38,-1,-1,-1
2249,285,1106.00,117.50,108.00,83.50,0.18,-1,-1,-1
2249,286,1116.67,5.46,133.33,92.88,0.18,-1,-1,-1
2249,288,59.12,100.17,86.38,100.00,0.40,-1,-1,-1
2250,285,1105.33,117.17,109.33,84.33,0.17,-1,-1,-1
2250,286,1117.33,5.92,133.33,92.33,0.19,-1,-1,-1
2250,288,59.00,99.58,88.33,101.42,0.38,-1,-1,-1
2251,285,1106.00,116.83,108.00,84.50,0.10,-1,-1,-1
2251,286,1118.00,6.46,132.00,91.21,0.22,-1,-1,-1
2251,288,59.17,99.75,87.67,101.92,0.39,-1,-1,-1
2252,285,1124.00,113.33,104.00,87.17,0.11,-1,-1,-1
2252,286,1121.33,8.88,128.00,88.62,0.27,-1,-1,-1
2252,288,59.17,102.50,88.00,97.83,0.41,-1,-1,-1
2253,285,1106.67,116.67,121.33,82.50,0.15,-1,-1,-1
2253,286,1114.67,9.25,136.00,89.00,0.36,-1,-1,-1
2253,288,59.29,101.67,87.21,98.50,0.42,-1,-1,-1
2254,285,1106.00,116.17,121.33,84.17,0.16,-1,-1,-1
2254,286,1114.67,8.96,136.00,89.38,0.36,-1,-1,-1
2254,288,59.71,101.50,87.79,100.17,0.40,-1,-1,-1
2255,285,1106.00,117.75,109.33,82.92,0.16,-1,-1,-1
2255,286,1114.67,8.29,134.67,90.21,0.37,-1,-1,-1
2255,288,59.71,101.75,87.13,100.25,0.41,-1,-1,-1
2256,285,1106.00,116.92,109.33,84.42,0.18,-1,-1,-1
2256,286,1106.67,6.17,142.67,92.33,0.31,-1,-1,-1
2256,288,59.46,101.00,86.71,99.33,0.40,-1,-1,-1
2257,285,1105.33,116.17,109.33,85.67,0.16,-1,-1,-1
2257,286,1106.67,6.46,142.67,91.88,0.29,-1,-1,-1
2257,288,58.75,96.83,83.83,99.00,0.31,-1,-1,-1
2258,285,1104.67,117.00,110.67,84.00,0.18,-1,-1,-1
2258,286,1109.33,6.33,140.00,92.00,0.32,-1,-1,-1
2258,288,59.04,98.17,86.62,94.83,0.28,-1,-1,-1
2259,285,1116.67,108.67,116.00,94.50,0.16,-1,-1,-1
2259,286,1108.67,6.38,141.33,91.96,0.31,-1,-1,-1
2259,288,58.96,96.83,88.04,102.83,0.31,-1,-1,-1
2260,285,1115.33,108.67,114.67,100.00,0.23,-1,-1,-1
2260,286,1107.33,6.33,142.67,92.33,0.31,-1,-1,-1
2260,288,58.75,97.08,88.17,103.92,0.37,-1,-1,-1
2261,285,1105.33,118.08,109.33,82.58,0.22,-1,-1,-1
2261,286,1107.33,9.29,141.33,88.88,0.34,-1,-1,-1
2261,288,58.88,99.17,89.46,104.00,0.37,-1,-1,-1
2262,285,1107.33,117.67,108.00,83.00,0.21,-1,-1,-1
2262,286,1108.67,8.67,140.00,89.33,0.34,-1,-1,-1
2262,288,59.71,106.08,88.96,96.92,0.39,-1,-1,-1
2263,285,1119.33,110.50,109.33,92.33,0.20,-1,-1,-1
2263,286,1106.67,8.25,142.67,90.25,0.33,-1,-1,-1
2263,288,60.25,105.08,87.33,98.92,0.39,-1,-1,-1
2264,285,1118.67,111.33,112.00,91.00,0.31,-1,-1,-1
2264,286,1105.33,5.50,144.00,92.83,0.35,-1,-1,-1
2264,290,524.67,104.00,44.00,34.83,0.43,-1,-1,-1
2265,285,1118.00,113.17,112.00,92.33,0.39,-1,-1,-1
2265,286,1108.00,5.75,140.00,92.33,0.39,-1,-1,-1
2265,290,524.00,103.17,45.33,35.50,0.42,-1,-1,-1
2266,285,1117.33,113.83,110.67,89.17,0.37,-1,-1,-1
2266,286,1112.00,6.62,136.00,90.88,0.39,-1,-1,-1
2266,290,524.00,99.08,45.33,40.33,0.13,-1,-1,-1
2267,285,1117.33,112.58,109.33,82.08,0.39,-1,-1,-1
2267,286,1110.67,7.33,137.33,90.08,0.39,-1,-1,-1
2267,288,60.25,105.08,87.33,98.92,0.34,-1,-1,-1
2268,285,1121.33,112.75,106.67,91.92,0.15,-1,-1,-1
2268,286,1108.00,6.21,141.33,91.29,0.38,-1,-1,-1
2268,288,59.67,94.67,87.50,107.67,0.32,-1,-1,-1
2268,291,452.67,108.50,44.67,24.67,0.42,-1,-1,-1
2268,290,524.00,99.08,45.33,40.33,0.42,-1,-1,-1
2269,285,1118.67,113.33,110.67,90.00,0.35,-1,-1,-1
2269,286,1107.33,6.17,141.33,91.50,0.38,-1,-1,-1
2269,288,59.50,91.58,88.33,110.08,0.21,-1,-1,-1
2270,285,700.00,60.33,158.67,141.33,0.29,-1,-1,-1
2270,286,1106.00,8.79,144.00,89.38,0.35,-1,-1,-1
2270,288,59.58,96.75,88.17,105.58,0.34,-1,-1,-1
2271,285,1115.33,111.50,112.00,91.67,0.15,-1,-1,-1
2271,286,1104.67,5.62,145.33,93.38,0.34,-1,-1,-1
2271,288,59.50,97.17,89.33,103.33,0.32,-1,-1,-1
2272,285,699.33,60.46,162.67,138.21,0.31,-1,-1,-1
2272,286,1106.00,5.71,144.00,92.96,0.34,-1,-1,-1
2272,288,60.08,98.67,88.17,101.50,0.36,-1,-1,-1
2273,285,700.00,64.25,161.33,132.08,0.33,-1,-1,-1
2273,286,1105.33,5.62,145.33,92.88,0.30,-1,-1,-1
2273,288,59.75,98.08,88.17,101.92,0.35,-1,-1,-1
2274,285,920.00,103.25,74.67,76.75,0.22,-1,-1,-1
2274,286,1106.00,7.25,144.00,91.25,0.34,-1,-1,-1
2274,288,59.33,99.33,88.67,100.83,0.35,-1,-1,-1
2275,285,920.67,102.42,73.33,77.08,0.17,-1,-1,-1
2275,286,1105.33,6.33,144.00,92.33,0.36,-1,-1,-1
2275,288,59.50,99.67,88.00,100.67,0.37,-1,-1,-1
2276,285,1111.33,118.17,121.33,89.33,0.14,-1,-1,-1
2276,286,1105.33,6.54,144.00,91.96,0.30,-1,-1,-1
2276,288,59.50,99.00,87.83,101.17,0.36,-1,-1,-1
2277,285,1114.67,115.67,116.00,92.67,0.26,-1,-1,-1
2277,286,1106.00,6.71,144.00,91.62,0.31,-1,-1,-1
2277,288,59.46,96.67,89.88,104.00,0.32,-1,-1,-1
2278,285,1115.33,113.17,113.33,92.83,0.16,-1,-1,-1
2278,286,1106.67,5.83,142.67,92.83,0.33,-1,-1,-1
2278,288,59.42,100.25,85.83,99.42,0.40,-1,-1,-1
2279,285,1105.33,116.92,110.67,84.08,0.15,-1,-1,-1
2279,286,1106.67,6.83,142.67,92.00,0.33,-1,-1,-1
2279,288,59.17,98.50,86.17,101.33,0.39,-1,-1,-1
2280,285,919.33,112.92,110.67,91.08,0.35,-1,-1,-1
2280,286,1105.33,6.46,145.33,92.71,0.31,-1,-1,-1
2280,288,59.21,96.92,86.63,103.42,0.38,-1,-1,-1
2281,285,918.67,114.33,112.00,90.50,0.37,-1,-1,-1
2281,286,1104.67,4.46,145.33,94.71,0.29,-1,-1,-1
2281,288,59.25,99.50,88.67,100.17,0.37,-1,-1,-1
2282,285,919.33,113.83,109.33,91.33,0.35,-1,-1,-1
2282,286,1104.67,5.33,144.00,93.83,0.33,-1,-1,-1
2282,288,59.33,99.17,87.83,100.50,0.39,-1,-1,-1
2283,285,920.00,114.42,108.00,90.25,0.38,-1,-1,-1
2283,286,1116.67,5.21,133.33,93.12,0.21,-1,-1,-1
2283,288,59.46,99.17,87.71,100.50,0.39,-1,-1,-1
2284,285,920.00,114.17,106.67,90.33,0.38,-1,-1,-1
2284,286,1115.33,5.21,134.67,93.29,0.22,-1,-1,-1
2284,288,59.25,96.50,88.50,103.33,0.37,-1,-1,-1
2285,285,920.00,114.83,106.67,90.00,0.38,-1,-1,-1
2285,286,1114.67,4.88,134.67,93.62,0.25,-1,-1,-1
2285,288,59.00,97.00,87.67,101.00,0.37,-1,-1,-1
2286,285,918.67,114.67,108.00,88.83,0.41,-1,-1,-1
2286,286,1114.67,4.42,136.00,94.00,0.20,-1,-1,-1
2286,288,59.25,95.67,88.33,103.50,0.35,-1,-1,-1
2287,285,1106.00,115.00,121.33,86.83,0.17,-1,-1,-1
2287,286,1114.67,4.71,134.67,93.62,0.22,-1,-1,-1
2287,288,59.21,96.50,88.13,103.33,0.38,-1,-1,-1
2288,285,1108.67,116.08,117.33,84.92,0.23,-1,-1,-1
2288,286,1114.00,3.79,136.00,94.54,0.24,-1,-1,-1
2288,288,59.33,97.00,87.33,102.83,0.39,-1,-1,-1
2289,285,1107.33,115.67,118.67,85.83,0.23,-1,-1,-1
2289,286,1114.00,4.54,136.00,93.79,0.23,-1,-1,-1
2289,288,59.67,97.08,88.17,103.58,0.38,-1,-1,-1
2290,285,1106.67,118.42,108.00,82.92,0.23,-1,-1,-1
2290,286,1112.67,4.71,137.33,93.62,0.24,-1,-1,-1
2290,288,59.25,96.17,87.83,102.33,0.38,-1,-1,-1
2291,285,1107.33,116.92,117.33,83.75,0.23,-1,-1,-1
2291,286,1112.00,4.92,137.33,93.33,0.27,-1,-1,-1
2291,288,58.62,95.17,86.88,99.83,0.33,-1,-1,-1
2292,285,1118.67,111.33,109.33,86.67,0.20,-1,-1,-1
2292,286,1112.67,5.83,136.00,92.17,0.27,-1,-1,-1
2292,288,57.92,81.17,88.50,91.50,0.19,-1,-1,-1
2293,285,1119.33,108.67,109.33,95.83,0.15,-1,-1,-1
2293,286,1112.00,5.33,137.33,92.92,0.26,-1,-1,-1
2293,288,60.00,94.92,88.33,106.08,0.34,-1,-1,-1
2294,285,1114.67,111.00,114.67,96.00,0.26,-1,-1,-1
2294,286,1109.33,4.96,140.00,93.38,0.23,-1,-1,-1
2294,288,60.50,96.58,87.83,107.08,0.39,-1,-1,-1
2295,285,1114.00,110.83,114.67,95.83,0.28,-1,-1,-1
2295,286,1110.00,5.17,138.67,93.17,0.27,-1,-1,-1
2295,288,59.21,97.33,89.79,105.67,0.30,-1,-1,-1
2296,285,1114.00,110.75,114.67,96.92,0.26,-1,-1,-1
2296,286,1109.33,4.04,140.00,94.29,0.26,-1,-1,-1
2296,288,57.25,99.58,91.00,101.75,0.12,-1,-1,-1
2296,292,321.00,123.17,180.00,71.00,0.44,-1,-1,-1
2297,285,1114.00,110.17,114.67,97.33,0.26,-1,-1,-1
2297,286,1109.33,4.38,140.00,93.96,0.28,-1,-1,-1
2297,292,327.67,127.83,129.33,72.33,0.34,-1,-1,-1
2298,285,1114.00,110.08,116.00,97.58,0.28,-1,-1,-1
2298,286,1108.67,3.33,141.33,95.25,0.30,-1,-1,-1
2299,285,1116.00,110.83,113.33,96.00,0.27,-1,-1,-1
2299,286,1111.33,3.62,138.67,94.54,0.30,-1,-1,-1
2300,285,1120.00,113.83,109.33,90.17,0.36,-1,-1,-1
2300,286,1110.67,2.54,138.67,94.96,0.35,-1,-1,-1
2301,285,1119.33,113.25,110.67,95.42,0.36,-1,-1,-1
2301,286,1111.33,3.12,137.33,94.21,0.37,-1,-1,-1
2302,285,1117.33,112.08,113.33,96.92,0.41,-1,-1,-1
2302,286,1112.00,4.46,136.00,92.88,0.38,-1,-1,-1
2303,285,1117.33,111.67,113.33,99.00,0.40,-1,-1,-1
2303,286,1111.33,4.67,137.33,92.33,0.36,-1,-1,-1
2304,285,1112.67,107.50,118.67,104.83,0.36,-1,-1,-1
2304,286,1113.33,5.88,134.67,91.46,0.37,-1,-1,-1
2305,285,1113.33,106.50,118.67,105.33,0.31,-1,-1,-1
2305,286,1114.00,5.58,133.33,91.92,0.39,-1,-1,-1
2306,285,1112.67,107.58,118.67,105.42,0.34,-1,-1,-1
2306,286,1112.00,4.75,137.33,92.33,0.35,-1,-1,-1
2307,285,1112.00,108.00,118.67,104.50,0.33,-1,-1,-1
2307,286,1112.67,5.67,136.00,91.67,0.36,-1,-1,-1
2308,285,1114.00,109.17,117.33,102.50,0.34,-1,-1,-1
2308,286,1111.33,5.54,137.33,91.63,0.37,-1,-1,-1
2309,285,1113.33,108.50,118.67,103.67,0.35,-1,-1,-1
2309,286,1112.00,5.33,136.00,91.67,0.35,-1,-1,-1
2310,285,1113.33,107.67,117.33,104.50,0.31,-1,-1,-1
2310,286,1112.00,6.12,136.00,90.88,0.36,-1,-1,-1
2311,285,1114.00,108.17,117.33,103.33,0.36,-1,-1,-1
2311,286,1112.00,5.54,136.00,91.46,0.38,-1,-1,-1
2312,285,1114.00,108.83,118.67,103.00,0.39,-1,-1,-1
2312,286,1112.67,5.08,134.67,92.00,0.39,-1,-1,-1
2313,285,1114.00,109.08,118.67,102.58,0.39,-1,-1,-1
2313,286,1112.67,6.38,136.00,90.12,0.37,-1,-1,-1
2314,285,1114.00,109.67,117.33,101.00,0.34,-1,-1,-1
2314,286,1112.00,6.21,136.00,90.29,0.36,-1,-1,-1
2315,285,1114.67,109.67,116.00,101.83,0.30,-1,-1,-1
2315,286,1112.67,5.88,134.67,91.29,0.38,-1,-1,-1
2316,285,1113.33,109.83,118.67,101.17,0.37,-1,-1,-1
2316,286,1112.00,5.83,136.00,91.00,0.37,-1,-1,-1
2317,285,1114.00,109.50,118.67,102.00,0.39,-1,-1,-1
2317,286,1112.00,5.46,136.00,91.38,0.38,-1,-1,-1
2318,285,1114.00,109.00,117.33,102.50,0.36,-1,-1,-1
2318,286,1112.67,5.67,136.00,91.25,0.39,-1,-1,-1
2319,285,1112.67,107.50,118.67,105.33,0.30,-1,-1,-1
2319,286,1111.33,5.17,137.33,91.67,0.38,-1,-1,-1
2320,285,1114.00,109.75,117.33,102.92,0.35,-1,-1,-1
2320,286,1112.00,6.42,136.00,90.42,0.39,-1,-1,-1
2321,285,1115.33,110.33,114.67,101.00,0.32,-1,-1,-1
2321,286,1113.33,6.04,134.67,90.79,0.40,-1,-1,-1
2322,285,1113.33,109.00,117.33,103.50,0.29,-1,-1,-1
2322,286,1112.00,5.42,136.00,91.67,0.40,-1,-1,-1
2323,285,1113.33,109.00,117.33,102.83,0.36,-1,-1,-1
2323,286,1108.67,4.88,140.00,91.96,0.37,-1,-1,-1
2324,285,1114.00,108.83,116.00,105.67,0.30,-1,-1,-1
2324,286,1114.00,6.38,134.67,90.79,0.39,-1,-1,-1
2325,285,1113.33,107.67,117.33,108.00,0.22,-1,-1,-1
2325,286,1114.67,5.75,133.33,91.67,0.41,-1,-1,-1
2326,285,1112.67,107.00,118.67,108.33,0.24,-1,-1,-1
2326,286,1115.33,5.88,133.33,91.46,0.39,-1,-1,-1
2327,285,1112.67,106.50,118.67,109.33,0.22,-1,-1,-1
2327,286,1115.33,6.12,133.33,91.04,0.39,-1,-1,-1
2328,285,1112.00,106.33,120.00,109.33,0.21,-1,-1,-1
2328,286,1116.00,5.50,133.33,92.17,0.41,-1,-1,-1
2329,285,1113.33,107.17,118.67,107.83,0.23,-1,-1,-1
2329,286,1116.00,6.17,132.00,91.42,0.41,-1,-1,-1
2330,285,1113.33,105.33,118.67,110.00,0.26,-1,-1,-1
2330,286,1116.00,6.21,132.00,91.29,0.40,-1,-1,-1
2331,285,1113.33,105.67,118.67,110.17,0.22,-1,-1,-1
2331,286,1116.67,5.50,132.00,92.33,0.39,-1,-1,-1
2332,285,1113.33,105.33,118.67,109.67,0.25,-1,-1,-1
2332,286,1115.33,4.00,132.00,94.25,0.39,-1,-1,-1
2333,285,1113.33,105.33,118.67,110.00,0.23,-1,-1,-1
2333,286,1115.33,5.12,133.33,92.88,0.37,-1,-1,-1
2334,285,1113.33,105.25,118.67,110.08,0.23,-1,-1,-1
2334,286,1116.00,5.42,133.33,92.83,0.38,-1,-1,-1
2335,285,1113.33,105.50,118.67,109.33,0.22,-1,-1,-1
2335,286,1116.00,4.79,132.00,93.54,0.40,-1,-1,-1
2336,285,1112.67,105.08,120.00,110.25,0.23,-1,-1,-1
2336,286,1116.00,4.62,133.33,93.38,0.38,-1,-1,-1
2337,285,1112.67,105.33,120.00,109.50,0.26,-1,-1,-1
2337,286,1116.67,5.46,132.00,92.71,0.38,-1,-1,-1
2338,285,1113.33,105.50,118.67,109.33,0.26,-1,-1,-1
2338,286,1116.67,4.79,132.00,93.38,0.43,-1,-1,-1
2339,285,1113.33,105.50,118.67,108.83,0.30,-1,-1,-1
2339,286,1116.67,5.96,132.00,92.21,0.42,-1,-1,-1
2340,285,1113.33,105.58,118.67,107.75,0.32,-1,-1,-1
2340,286,1116.00,5.46,132.00,92.54,0.41,-1,-1,-1
2341,285,1115.33,106.75,117.33,107.58,0.26,-1,-1,-1
2341,286,1112.00,3.33,134.67,94.50,0.40,-1,-1,-1
2342,285,1115.33,106.58,116.00,107.42,0.28,-1,-1,-1
2342,286,1112.00,3.67,134.67,94.00,0.42,-1,-1,-1
2343,285,1114.00,106.50,117.33,107.00,0.33,-1,-1,-1
2343,286,1111.33,4.58,136.00,93.42,0.40,-1,-1,-1
2344,285,1115.33,107.50,116.00,104.00,0.38,-1,-1,-1
2344,286,1111.33,5.33,136.00,92.50,0.41,-1,-1,-1
2345,285,1115.33,107.50,116.00,104.50,0.38,-1,-1,-1
2345,286,1111.33,4.08,136.00,94.00,0.41,-1,-1,-1
2346,285,1114.67,107.17,116.00,105.17,0.35,-1,-1,-1
2346,286,1111.33,5.00,136.00,92.83,0.40,-1,-1,-1
2347,285,1115.33,107.67,114.67,103.50,0.35,-1,-1,-1
2347,286,1111.33,5.75,136.00,92.17,0.40,-1,-1,-1
2348,285,1115.33,109.00,114.67,101.00,0.37,-1,-1,-1
2348,286,1111.33,5.79,137.33,92.04,0.41,-1,-1,-1
2349,285,1113.33,110.50,116.00,98.33,0.38,-1,-1,-1
2349,286,1110.67,6.33,137.33,91.00,0.39,-1,-1,-1
2349,293,720.00,270.00,109.33,50.67,0.42,-1,-1,-1
2350,285,1117.33,111.00,110.67,98.00,0.37,-1,-1,-1
2350,286,1110.00,5.50,138.67,91.92,0.38,-1,-1,-1
2351,285,1117.33,107.17,110.67,95.33,0.21,-1,-1,-1
2351,286,1110.67,5.67,137.33,91.50,0.38,-1,-1,-1
2352,285,1114.67,111.50,113.33,94.50,0.33,-1,-1,-1
2352,286,1109.33,5.71,138.67,91.96,0.40,-1,-1,-1
2353,285,1118.67,111.67,110.67,95.83,0.31,-1,-1,-1
2353,286,1110.67,5.75,137.33,91.50,0.39,-1,-1,-1
2354,285,1118.00,109.00,110.67,97.67,0.27,-1,-1,-1
2354,286,1112.00,6.88,136.00,90.79,0.40,-1,-1,-1
2355,285,1117.33,106.17,112.00,102.00,0.17,-1,-1,-1
2355,286,1113.33,5.38,133.33,92.29,0.42,-1,-1,-1
2356,285,1114.67,110.25,114.67,101.42,0.29,-1,-1,-1
2356,286,1112.00,7.08,136.00,90.58,0.41,-1,-1,-1
2357,285,1116.00,113.83,114.67,89.67,0.41,-1,-1,-1
2357,286,1107.33,4.75,141.33,92.83,0.39,-1,-1,-1
2358,285,1116.00,113.83,113.33,88.67,0.37,-1,-1,-1
2358,286,1103.33,3.54,145.33,94.29,0.35,-1,-1,-1
2359,285,1114.00,113.00,116.00,90.67,0.37,-1,-1,-1
2359,286,1102.67,5.67,146.67,92.92,0.35,-1,-1,-1
2360,285,1113.33,111.33,114.67,93.50,0.27,-1,-1,-1
2360,286,1105.33,6.75,144.00,92.00,0.36,-1,-1,-1
2361,285,1114.00,110.83,114.67,95.50,0.20,-1,-1,-1
2361,286,1105.33,4.58,145.33,94.58,0.33,-1,-1,-1
2362,285,1114.00,111.83,114.67,94.33,0.21,-1,-1,-1
2362,286,1106.00,5.62,144.00,93.54,0.33,-1,-1,-1
2363,285,1113.33,111.08,114.67,95.58,0.20,-1,-1,-1
2363,286,1105.33,5.17,145.33,94.00,0.29,-1,-1,-1
2364,285,1114.00,110.83,114.67,95.67,0.22,-1,-1,-1
2364,286,1106.00,5.38,144.00,93.62,0.31,-1,-1,-1
2365,285,1114.00,110.42,114.67,97.25,0.17,-1,-1,-1
2365,286,1108.67,5.58,140.00,93.33,0.35,-1,-1,-1
2366,285,1114.67,111.50,114.67,95.00,0.17,-1,-1,-1
2366,286,1106.00,4.96,144.00,94.04,0.31,-1,-1,-1
2367,285,1114.00,110.83,114.67,95.17,0.15,-1,-1,-1
2367,286,1106.00,4.92,144.00,94.08,0.31,-1,-1,-1
2368,285,1114.00,110.25,116.00,95.42,0.22,-1,-1,-1
2368,286,1115.33,4.00,134.67,94.25,0.18,-1,-1,-1
2369,285,1112.67,110.67,117.33,95.33,0.28,-1,-1,-1
2369,286,1115.33,3.83,134.67,94.50,0.20,-1,-1,-1
2370,285,1114.00,110.17,117.33,98.33,0.28,-1,-1,-1
2370,286,1113.33,4.71,137.33,93.62,0.22,-1,-1,-1
2371,285,1113.33,110.50,117.33,97.83,0.25,-1,-1,-1
2371,286,1116.00,5.08,133.33,92.92,0.26,-1,-1,-1
2372,285,1114.00,110.25,116.00,97.42,0.25,-1,-1,-1
2372,286,1114.67,4.58,134.67,93.58,0.26,-1,-1,-1
2373,285,1106.00,114.58,121.33,87.75,0.25,-1,-1,-1
2373,286,1112.00,2.96,137.33,94.88,0.24,-1,-1,-1
2374,285,1105.33,114.33,122.67,88.17,0.24,-1,-1,-1
2374,286,1112.00,2.29,137.33,95.38,0.28,-1,-1,-1
2375,285,1106.00,114.25,121.33,88.08,0.24,-1,-1,-1
2375,286,1114.00,3.33,134.67,94.58,0.31,-1,-1,-1
2376,285,1114.67,110.33,114.67,96.33,0.22,-1,-1,-1
2376,286,1112.00,3.71,137.33,94.62,0.28,-1,-1,-1
2377,285,1116.67,111.17,112.00,92.67,0.25,-1,-1,-1
2377,286,1112.67,3.88,137.33,94.12,0.29,-1,-1,-1
2378,285,1118.00,110.00,112.00,88.33,0.26,-1,-1,-1
2378,286,1113.33,4.00,136.00,93.83,0.32,-1,-1,-1
2379,285,1118.00,109.75,112.00,94.58,0.23,-1,-1,-1
2379,286,1112.67,3.58,137.33,94.50,0.30,-1,-1,-1
2380,285,1115.33,110.08,116.00,97.25,0.27,-1,-1,-1
2380,286,1114.00,3.50,136.00,94.50,0.30,-1,-1,-1
2381,285,1117.33,111.00,113.33,96.67,0.24,-1,-1,-1
2381,286,1112.00,4.00,136.00,93.33,0.34,-1,-1,-1
2382,285,1118.00,111.25,112.00,96.08,0.24,-1,-1,-1
2382,286,1110.67,3.75,137.33,93.58,0.33,-1,-1,-1
2383,285,1116.00,111.17,113.33,97.00,0.25,-1,-1,-1
2383,286,1110.67,2.62,138.67,94.71,0.32,-1,-1,-1
2384,285,1117.33,110.83,113.33,91.50,0.35,-1,-1,-1
2384,286,1110.67,3.62,138.67,93.54,0.34,-1,-1,-1
2385,285,1112.00,110.50,121.33,98.83,0.39,-1,-1,-1
2385,286,1111.33,3.79,137.33,93.38,0.35,-1,-1,-1
2386,285,1110.00,113.42,124.00,95.25,0.38,-1,-1,-1
2386,286,1111.33,4.33,137.33,92.67,0.35,-1,-1,-1
2387,285,1113.33,113.00,118.67,95.17,0.37,-1,-1,-1
2387,286,1112.00,6.62,136.00,90.04,0.39,-1,-1,-1
2388,285,1113.33,112.17,118.67,92.50,0.39,-1,-1,-1
2388,286,1113.33,5.96,134.67,90.71,0.38,-1,-1,-1
2389,285,1105.33,106.50,130.67,105.83,0.36,-1,-1,-1
2389,286,1117.33,6.71,130.67,89.96,0.36,-1,-1,-1
2390,285,1115.33,111.33,118.67,102.00,0.23,-1,-1,-1
2390,286,1114.00,5.00,134.67,91.42,0.34,-1,-1,-1
2391,285,1115.33,113.83,114.67,88.00,0.34,-1,-1,-1
2391,286,1114.00,3.08,134.67,93.83,0.34,-1,-1,-1
2392,285,1110.00,115.92,116.00,86.75,0.25,-1,-1,-1
2392,286,1113.33,3.71,134.67,93.46,0.36,-1,-1,-1
2393,285,1116.00,111.92,114.67,96.75,0.29,-1,-1,-1
2393,286,1112.67,3.46,136.00,93.54,0.34,-1,-1,-1
2394,285,1116.67,112.17,114.67,96.83,0.33,-1,-1,-1
2394,286,1112.67,4.08,136.00,92.83,0.35,-1,-1,-1
2395,285,1117.33,112.50,113.33,95.83,0.33,-1,-1,-1
2395,286,1113.33,3.92,134.67,93.33,0.37,-1,-1,-1
2396,285,1115.33,112.67,114.67,95.00,0.29,-1,-1,-1
2396,286,1116.00,4.00,132.00,92.92,0.34,-1,-1,-1
2397,285,1116.00,113.00,113.33,94.50,0.33,-1,-1,-1
2397,286,1113.33,3.54,134.67,93.46,0.35,-1,-1,-1
2398,285,1113.33,112.33,116.00,92.83,0.32,-1,-1,-1
2398,286,1115.33,4.54,133.33,92.29,0.34,-1,-1,-1
2399,285,1114.67,111.42,116.00,94.92,0.34,-1,-1,-1
2399,286,1114.00,3.08,134.67,94.00,0.32,-1,-1,-1
2400,285,1116.67,113.00,113.33,94.17,0.40,-1,-1,-1
2400,286,1111.33,2.46,137.33,94.54,0.34,-1,-1,-1
2401,285,1117.33,112.00,113.33,96.00,0.39,-1,-1,-1
2401,286,1112.00,3.17,137.33,94.00,0.36,-1,-1,-1
2402,285,1117.33,112.50,113.33,95.33,0.37,-1,-1,-1
2402,286,1112.67,2.88,136.00,94.62,0.35,-1,-1,-1
2403,285,1116.00,112.33,114.67,95.33,0.37,-1,-1,-1
2403,286,1112.00,2.79,137.33,94.54,0.33,-1,-1,-1
2404,285,1117.33,111.83,113.33,95.67,0.31,-1,-1,-1
2404,286,1115.33,4.67,134.67,92.67,0.34,-1,-1,-1
2405,285,1117.33,111.92,112.00,95.42,0.29,-1,-1,-1
2405,286,1115.33,4.54,133.33,92.96,0.36,-1,-1,-1
2406,285,1110.00,115.33,116.00,86.83,0.32,-1,-1,-1
2406,286,1114.67,4.50,134.67,92.83,0.34,-1,-1,-1
2407,285,1118.00,113.00,109.33,85.50,0.30,-1,-1,-1
2407,286,1114.67,4.92,134.67,92.33,0.34,-1,-1,-1
2408,285,1116.00,113.33,113.33,89.83,0.32,-1,-1,-1
2408,286,1116.00,4.50,133.33,92.83,0.32,-1,-1,-1
2409,285,1107.33,108.75,105.33,82.25,0.19,-1,-1,-1
2409,286,1117.33,5.00,132.00,92.33,0.33,-1,-1,-1
2410,285,1118.00,113.67,112.00,91.83,0.20,-1,-1,-1
2410,286,1114.67,4.04,134.67,93.13,0.30,-1,-1,-1
2411,285,1117.33,113.50,113.33,92.33,0.28,-1,-1,-1
2411,286,1114.67,4.00,133.33,93.17,0.31,-1,-1,-1
2412,285,1116.00,112.83,116.00,92.67,0.35,-1,-1,-1
2412,286,1114.67,4.29,133.33,92.71,0.30,-1,-1,-1
2413,285,1116.00,112.00,116.00,94.33,0.34,-1,-1,-1
2413,286,1114.00,3.71,134.67,93.62,0.30,-1,-1,-1
2414,285,1117.33,112.67,114.67,93.33,0.38,-1,-1,-1
2414,286,1116.00,4.67,133.33,92.67,0.32,-1,-1,-1
2415,285,1116.67,112.67,114.67,93.17,0.38,-1,-1,-1
2415,286,1115.33,4.42,133.33,92.92,0.34,-1,-1,-1
2416,285,1116.00,112.67,116.00,93.33,0.38,-1,-1,-1
2416,286,1116.67,3.92,132.00,93.17,0.33,-1,-1,-1
2417,285,1116.00,112.67,116.00,93.17,0.38,-1,-1,-1
2417,286,1116.00,4.25,133.33,92.67,0.32,-1,-1,-1
2418,285,1116.00,112.67,116.00,91.67,0.39,-1,-1,-1
2418,286,1114.00,3.50,134.67,93.83,0.32,-1,-1,-1
2419,285,1116.00,112.33,116.00,92.67,0.37,-1,-1,-1
2419,286,1114.00,3.79,134.67,93.38,0.32,-1,-1,-1
2420,285,1116.00,112.83,116.00,92.67,0.39,-1,-1,-1
2420,286,1113.33,3.75,136.00,93.42,0.32,-1,-1,-1
2421,285,1116.67,112.17,116.00,94.17,0.40,-1,-1,-1
2421,286,1113.33,1.83,136.00,95.75,0.31,-1,-1,-1
2422,285,1116.00,112.92,116.00,92.42,0.40,-1,-1,-1
2422,286,1115.33,3.33,133.33,94.58,0.33,-1,-1,-1
2423,285,1116.67,113.08,116.00,91.25,0.41,-1,-1,-1
2423,286,1113.33,4.29,136.00,94.04,0.38,-1,-1,-1
2424,285,1116.00,112.50,116.00,91.33,0.41,-1,-1,-1
2424,286,1114.67,4.21,136.00,94.12,0.39,-1,-1,-1
2425,285,1116.00,112.67,116.00,91.17,0.40,-1,-1,-1
2425,286,1114.67,3.79,134.67,94.54,0.40,-1,-1,-1
2426,285,1116.67,113.33,114.67,90.67,0.41,-1,-1,-1
2426,286,1105.33,2.04,145.33,96.96,0.34,-1,-1,-1
2427,285,1118.67,113.08,113.33,84.58,0.42,-1,-1,-1
2427,286,1106.00,2.04,144.00,96.96,0.34,-1,-1,-1
2428,285,1116.00,112.42,113.33,87.25,0.41,-1,-1,-1
2428,286,1106.67,1.96,144.00,96.71,0.33,-1,-1,-1
2429,285,1116.67,112.83,109.33,80.00,0.39,-1,-1,-1
2429,286,1105.33,2.96,145.33,95.71,0.32,-1,-1,-1
2430,285,1116.67,112.58,112.00,84.42,0.42,-1,-1,-1
2430,286,1104.67,1.96,145.33,96.38,0.33,-1,-1,-1
2431,285,1117.33,113.25,108.00,78.08,0.33,-1,-1,-1
2431,286,1106.00,2.71,144.00,95.96,0.34,-1,-1,-1
2432,285,1118.67,111.58,109.33,79.25,0.40,-1,-1,-1
2432,286,1104.00,3.71,145.33,95.29,0.34,-1,-1,-1
2433,285,1121.33,111.17,108.00,87.00,0.40,-1,-1,-1
2433,286,1103.33,3.29,146.67,95.71,0.30,-1,-1,-1
2434,285,1117.33,112.17,113.33,79.17,0.43,-1,-1,-1
2434,286,1104.67,3.04,145.33,95.46,0.33,-1,-1,-1
2435,285,1118.00,112.08,109.33,80.25,0.40,-1,-1,-1
2435,286,1105.33,2.88,144.00,95.96,0.35,-1,-1,-1
2436,285,1118.00,112.00,110.67,87.17,0.37,-1,-1,-1
2436,286,1104.00,2.33,146.67,96.50,0.32,-1,-1,-1
2437,285,1115.33,110.00,114.67,90.17,0.38,-1,-1,-1
2437,286,1106.00,1.79,144.00,96.88,0.29,-1,-1,-1
2438,285,1116.67,109.83,113.33,91.33,0.40,-1,-1,-1
2438,286,1104.00,3.12,145.33,95.21,0.27,-1,-1,-1
2439,285,1118.00,109.50,110.67,95.17,0.35,-1,-1,-1
2439,286,1104.67,3.46,145.33,95.54,0.23,-1,-1,-1
2440,285,1114.00,113.75,116.00,86.58,0.41,-1,-1,-1
2440,286,1106.67,2.50,144.00,96.25,0.28,-1,-1,-1
2441,285,1118.67,112.00,112.00,92.00,0.29,-1,-1,-1
2441,286,1108.67,5.75,140.00,91.67,0.35,-1,-1,-1
2442,285,1120.00,112.67,109.33,90.83,0.34,-1,-1,-1
2442,286,1110.67,6.38,137.33,90.96,0.40,-1,-1,-1
2443,285,1118.00,112.83,110.67,92.33,0.29,-1,-1,-1
2443,286,1110.67,5.58,137.33,91.67,0.39,-1,-1,-1
2444,285,1118.67,111.67,110.67,94.50,0.35,-1,-1,-1
2444,286,1106.67,5.33,142.67,92.33,0.38,-1,-1,-1
2445,285,1119.33,112.08,109.33,93.25,0.25,-1,-1,-1
2445,286,1108.00,4.83,140.00,92.83,0.41,-1,-1,-1
2446,285,1120.00,112.67,108.00,91.17,0.22,-1,-1,-1
2446,286,1108.00,4.79,141.33,93.38,0.38,-1,-1,-1
2447,285,1120.00,112.33,108.00,92.00,0.22,-1,-1,-1
2447,286,1109.33,4.83,140.00,93.17,0.37,-1,-1,-1
2448,285,1120.67,112.25,108.00,91.08,0.22,-1,-1,-1
2448,286,1108.67,5.79,141.33,92.71,0.37,-1,-1,-1
2449,285,1119.33,111.00,109.33,93.67,0.18,-1,-1,-1
2449,286,1108.00,6.67,141.33,91.67,0.35,-1,-1,-1
2450,285,1118.00,111.50,110.67,92.33,0.22,-1,-1,-1
2450,286,1106.67,7.58,142.67,90.75,0.33,-1,-1,-1
2451,285,1117.33,110.00,110.67,94.33,0.20,-1,-1,-1
2451,286,1107.33,5.21,142.67,93.62,0.31,-1,-1,-1
2452,285,1118.00,111.33,110.67,92.33,0.16,-1,-1,-1
2452,286,1106.67,4.79,142.67,93.88,0.33,-1,-1,-1
2453,285,1119.33,111.83,108.00,90.67,0.14,-1,-1,-1
2453,286,1120.67,5.25,129.33,92.50,0.26,-1,-1,-1
2454,285,1118.00,112.50,109.33,83.17,0.25,-1,-1,-1
2454,286,1118.67,6.17,132.00,91.50,0.24,-1,-1,-1
2455,285,1111.33,109.83,117.33,84.67,0.19,-1,-1,-1
2455,286,1119.33,5.83,129.33,92.33,0.28,-1,-1,-1
2456,285,1120.00,110.17,108.00,91.00,0.24,-1,-1,-1
2456,286,1118.00,6.62,132.00,91.21,0.21,-1,-1,-1
2457,285,1114.00,112.00,114.67,92.67,0.25,-1,-1,-1
2457,286,1118.67,6.33,132.00,91.50,0.21,-1,-1,-1
2458,285,1115.33,110.67,114.67,97.00,0.11,-1,-1,-1
2458,286,1117.33,5.62,132.00,92.38,0.24,-1,-1,-1
2459,285,1114.67,110.00,114.67,97.83,0.13,-1,-1,-1
2459,286,1117.33,5.83,132.00,92.17,0.21,-1,-1,-1
2460,285,1116.00,110.58,114.67,97.08,0.12,-1,-1,-1
2460,286,1115.33,6.04,134.67,91.96,0.22,-1,-1,-1
2461,285,1106.67,116.92,108.00,84.92,0.21,-1,-1,-1
2461,286,1114.67,6.25,134.67,91.67,0.25,-1,-1,-1
2462,285,58.96,95.42,87.54,107.92,0.34,-1,-1,-1
2462,286,1115.33,6.17,133.33,92.00,0.25,-1,-1,-1
2463,285,1104.67,114.17,122.67,87.83,0.17,-1,-1,-1
2463,286,1114.00,6.00,136.00,92.17,0.22,-1,-1,-1
2463,294,405.00,144.33,74.00,27.67,0.40,-1,-1,-1
2464,285,1104.67,114.83,122.67,86.83,0.21,-1,-1,-1
2464,286,1114.67,7.04,134.67,90.96,0.26,-1,-1,-1
2465,285,1106.00,115.50,121.33,85.83,0.25,-1,-1,-1
2465,286,1114.67,6.12,133.33,91.88,0.29,-1,-1,-1
2465,295,524.33,102.67,44.67,35.17,0.44,-1,-1,-1
2466,285,1117.33,113.33,113.33,93.00,0.28,-1,-1,-1
2466,286,1110.00,4.00,138.67,93.33,0.32,-1,-1,-1
2466,295,524.33,102.92,44.67,34.50,0.42,-1,-1,-1
2467,285,1116.67,111.83,113.33,95.67,0.28,-1,-1,-1
2467,286,1113.33,5.46,134.67,91.71,0.38,-1,-1,-1
2467,295,523.67,99.58,45.33,39.00,0.21,-1,-1,-1
2468,285,1116.00,111.33,113.33,99.00,0.33,-1,-1,-1
2468,286,1114.67,5.58,133.33,91.67,0.38,-1,-1,-1
2468,295,523.67,101.33,45.33,37.17,0.21,-1,-1,-1
2469,285,1117.33,111.00,112.00,99.83,0.33,-1,-1,-1
2469,286,1116.00,6.62,132.00,90.88,0.38,-1,-1,-1
2470,285,1114.67,109.17,114.67,100.50,0.29,-1,-1,-1
2470,286,1116.67,6.83,130.67,90.58,0.36,-1,-1,-1
2471,286,1116.00,6.54,130.67,90.96,0.38,-1,-1,-1
2472,286,1116.00,6.04,130.67,91.29,0.37,-1,-1,-1
2473,286,1116.00,6.46,132.00,90.71,0.34,-1,-1,-1
2474,286,1116.67,8.50,130.67,88.67,0.39,-1,-1,-1
2475,286,1116.00,7.12,130.67,90.04,0.39,-1,-1,-1
2476,286,1115.33,7.25,132.00,89.92,0.38,-1,-1,-1
2476,285,1114.67,109.17,114.67,100.50,0.33,-1,-1,-1
2477,286,1113.33,6.29,134.67,90.88,0.39,-1,-1,-1
2477,285,1115.33,107.75,116.00,107.25,0.28,-1,-1,-1
2478,286,1115.33,6.21,132.00,90.96,0.37,-1,-1,-1
2478,285,1117.33,108.67,113.33,106.00,0.29,-1,-1,-1
2479,286,1115.33,7.42,132.00,89.83,0.38,-1,-1,-1
2479,285,1114.67,109.00,117.33,104.00,0.35,-1,-1,-1
2480,286,1116.67,7.33,130.67,89.83,0.38,-1,-1,-1
2480,285,1114.67,108.75,117.33,104.92,0.32,-1,-1,-1
2481,286,1116.00,5.96,132.00,91.71,0.37,-1,-1,-1
2481,285,1116.00,108.58,116.00,105.08,0.36,-1,-1,-1
2482,286,1116.67,6.00,130.67,92.00,0.39,-1,-1,-1
2482,285,1116.67,109.83,114.67,103.17,0.36,-1,-1,-1
2483,286,1116.00,6.17,132.00,91.50,0.35,-1,-1,-1
2483,285,1116.67,109.50,114.67,103.67,0.35,-1,-1,-1
2484,286,1116.67,5.21,132.00,92.62,0.36,-1,-1,-1
2484,285,1116.00,110.17,116.00,102.33,0.36,-1,-1,-1
2485,286,1116.67,5.67,130.67,92.17,0.39,-1,-1,-1
2485,285,1116.00,109.75,116.00,102.92,0.36,-1,-1,-1
2486,286,1114.67,5.46,134.67,91.88,0.37,-1,-1,-1
2486,285,1116.00,110.33,114.67,101.67,0.36,-1,-1,-1
2487,286,1114.67,5.54,133.33,91.96,0.38,-1,-1,-1
2487,285,1117.33,107.17,113.33,104.33,0.30,-1,-1,-1
2488,286,1114.67,5.08,134.67,92.67,0.39,-1,-1,-1
2488,285,1117.33,111.00,114.67,99.50,0.39,-1,-1,-1
2489,286,1114.67,5.12,134.67,92.54,0.39,-1,-1,-1
2489,285,1117.33,111.00,114.67,100.00,0.40,-1,-1,-1
2490,286,1114.00,5.71,134.67,91.46,0.38,-1,-1,-1
2490,285,1116.00,111.67,116.00,97.67,0.40,-1,-1,-1
2491,286,1114.67,6.38,133.33,90.96,0.39,-1,-1,-1
2491,285,1116.67,111.75,116.00,97.25,0.40,-1,-1,-1
2492,286,1114.67,5.50,133.33,92.00,0.41,-1,-1,-1
2492,285,1115.33,111.50,117.33,99.50,0.40,-1,-1,-1
2493,286,1114.67,6.71,133.33,90.62,0.38,-1,-1,-1
2493,285,1115.33,111.33,117.33,100.00,0.40,-1,-1,-1
2494,286,1115.33,7.29,133.33,90.04,0.40,-1,-1,-1
2494,285,1116.00,111.00,116.00,99.50,0.40,-1,-1,-1
2495,286,1114.67,5.62,133.33,91.88,0.41,-1,-1,-1
2495,285,1116.00,111.00,116.00,99.67,0.41,-1,-1,-1
2496,286,1114.67,6.08,133.33,91.42,0.40,-1,-1,-1
2496,285,1116.00,111.33,116.00,99.50,0.41,-1,-1,-1
2497,286,1114.67,6.50,133.33,91.00,0.40,-1,-1,-1
2497,285,1115.33,111.33,117.33,99.33,0.40,-1,-1,-1
2498,286,1114.00,5.42,134.67,92.17,0.40,-1,-1,-1
2498,285,1116.00,110.33,116.00,100.83,0.41,-1,-1,-1
2499,286,1115.33,6.33,133.33,91.42,0.41,-1,-1,-1
2499,285,1116.67,108.58,114.67,98.42,0.39,-1,-1,-1
2500,286,1114.00,6.54,133.33,90.96,0.40,-1,-1,-1
2500,285,1117.33,106.17,113.33,110.00,0.27,-1,-1,-1
2501,286,1114.67,6.21,133.33,90.96,0.39,-1,-1,-1
2501,285,1116.67,109.25,116.00,103.42,0.39,-1,-1,-1
2502,286,1114.67,4.92,133.33,92.50,0.39,-1,-1,-1
2502,285,1115.33,109.83,117.33,102.33,0.39,-1,-1,-1
2503,286,1114.00,5.83,134.67,91.50,0.38,-1,-1,-1
2503,285,1114.67,109.58,117.33,102.42,0.38,-1,-1,-1
2503,296,260.00,142.92,107.00,34.92,0.44,-1,-1,-1
2504,286,1114.67,6.54,133.33,90.96,0.41,-1,-1,-1
2504,285,1116.67,106.17,114.67,106.17,0.30,-1,-1,-1
2505,286,1114.00,5.08,133.33,92.33,0.41,-1,-1,-1
2505,285,1114.67,109.33,117.33,102.67,0.38,-1,-1,-1
2506,286,1114.67,5.58,133.33,91.92,0.40,-1,-1,-1
2506,285,1114.67,109.67,117.33,102.50,0.38,-1,-1,-1
2507,286,1114.67,6.46,133.33,90.88,0.40,-1,-1,-1
2507,285,1114.67,109.58,117.33,102.75,0.38,-1,-1,-1
2508,286,1116.00,6.17,132.00,91.25,0.42,-1,-1,-1
2508,285,1114.67,110.00,117.33,102.00,0.39,-1,-1,-1
2509,286,1116.00,7.04,132.00,90.63,0.40,-1,-1,-1
2509,285,1114.67,109.83,117.33,101.83,0.39,-1,-1,-1
2510,286,1115.33,8.42,133.33,89.17,0.40,-1,-1,-1
2510,285,1114.67,110.17,117.33,101.83,0.38,-1,-1,-1
2511,286,1112.67,6.08,134.67,91.67,0.38,-1,-1,-1
2511,285,1115.33,110.17,117.33,102.00,0.38,-1,-1,-1
2512,286,1111.33,4.54,136.00,93.63,0.41,-1,-1,-1
2512,285,1114.67,109.75,117.33,102.92,0.39,-1,-1,-1
2513,286,1111.33,5.50,136.00,92.33,0.39,-1,-1,-1
2513,285,1115.33,109.67,116.00,102.67,0.38,-1,-1,-1
2514,286,1111.33,5.71,137.33,91.96,0.39,-1,-1,-1
2514,285,1114.67,110.17,117.33,102.17,0.39,-1,-1,-1
2515,286,1111.33,4.83,136.00,93.17,0.41,-1,-1,-1
2515,285,1115.33,110.33,117.33,101.50,0.40,-1,-1,-1
2516,286,1109.33,5.17,138.67,92.33,0.37,-1,-1,-1
2516,285,1115.33,110.67,117.33,101.67,0.41,-1,-1,-1
2517,286,1112.00,6.21,136.00,90.96,0.35,-1,-1,-1
2517,285,1115.33,109.25,117.33,102.42,0.39,-1,-1,-1
2518,286,1112.00,3.71,136.00,93.62,0.38,-1,-1,-1
2518,285,1113.33,108.75,118.67,103.92,0.37,-1,-1,-1
2519,286,1110.67,5.33,137.33,92.00,0.38,-1,-1,-1
2519,285,1114.67,110.08,116.00,102.25,0.40,-1,-1,-1
2519,297,469.33,309.67,136.67,103.33,0.40,-1,-1,-1
2520,286,1110.67,7.17,137.33,90.08,0.38,-1,-1,-1
2520,285,1118.00,110.33,112.00,97.17,0.38,-1,-1,-1
2520,298,449.33,238.50,102.00,74.67,0.43,-1,-1,-1
2674,299,1120.00,238.67,84.00,68.67,0.47,-1,-1,-1
