      0/19      3.6G   0.00464   0.02962         0   0.03426         0       640    0.1056   0.08201    0.0337   0.00973  0.008526   0.02004         0
      1/19     5.87G  0.003785  0.003385         0   0.00717         0       640   0.04152   0.09311   0.02013   0.00753  0.008855   0.02023         0
      2/19     5.87G  0.003929  0.003433         0  0.007362         0       640   0.06867     0.049   0.01978  0.005538  0.008949   0.02338         0
      3/19     5.87G  0.004186  0.003561         0  0.007748         0       640    0.1758    0.1429   0.06738   0.02366  0.008272   0.02186         0
      4/19     5.87G  0.004075   0.00323         0  0.007305         0       640    0.1517    0.1086   0.05341   0.02005  0.008674   0.02216         0
      5/19     5.87G  0.003984  0.003233         0  0.007217         0       640    0.2121    0.1581   0.07165   0.02803   0.00832   0.02272         0
      6/19     5.87G  0.003769  0.003231         0     0.007         0       640    0.2819    0.2343    0.1638   0.07085  0.007524    0.0213         0
      7/19     5.87G  0.003595  0.003059         0  0.006654         0       640    0.2731    0.2201    0.1309   0.05461   0.00763   0.02224         0
      8/19     5.87G  0.003531  0.002974         0  0.006505         0       640    0.2442    0.2333    0.1061   0.05205   0.00743   0.02292         0
      9/19     5.87G  0.003304  0.002953         0  0.006257         0       640    0.3711    0.2567    0.2062    0.1045  0.007092   0.02153         0
     10/19     5.87G  0.003189  0.002866         0  0.006055         0       640    0.3107    0.1926    0.1638   0.08968  0.007383   0.02188         0
     11/19     5.87G  0.003067   0.00282         0  0.005887         0       640    0.2884     0.234    0.1743   0.09942  0.007015   0.02291         0
     12/19     5.87G  0.002974  0.002742         0  0.005716         0       640    0.3795    0.2728    0.2538    0.1536  0.006702   0.02224         0
     13/19     5.87G  0.002777  0.002632         0  0.005409         0       640    0.3251    0.2359    0.2001    0.1235   0.00677   0.02267         0
     14/19     5.87G  0.002692  0.002543         0  0.005235         0       640    0.5674    0.2212    0.2555    0.1606  0.006723   0.02169         0
     15/19     5.87G  0.002554   0.00249         0  0.005044         0       640    0.5312    0.2901    0.3349    0.2096  0.006432    0.0211         0
     16/19     5.87G  0.002391  0.002413         0  0.004803         0       640     0.508    0.2153    0.2567    0.1664  0.006576   0.02259         0
     17/19     5.87G    0.0023  0.002384         0  0.004684         0       640    0.5385    0.2788    0.3327    0.2097  0.006368   0.02104         0
     18/19     5.87G  0.002194  0.002317         0  0.004512         0       640    0.5831    0.3164    0.3791    0.2407  0.006156   0.02089         0
     19/19     5.87G    0.0021  0.002282         0  0.004382         0       640    0.4925    0.3299    0.3584    0.2295  0.006245   0.02122         0
